1 43138U 18004AD  18014.76867299  .00001621  00000-0  73277-4 0  9990
2 43138  97.5559  76.9021 0008024 279.5955  80.4374 15.22399350   377
1 43138U 18004AD  18016.14895413  .00001513  00000-0  68579-4 0  9992
2 43138  97.5555  78.2894 0008016 273.9184  86.1136 15.22402820   588
1 43138U 18004AD  18016.93768460 +.00001500 +00000-0 +68040-4 0  9999
2 43138 097.5554 079.0821 0008014 270.6673 089.3645 15.22405069000703
1 43138U 18004AD  18017.46350444  .00001525  00000-0  69124-4 0  9998
2 43138  97.5553  79.6105 0008013 268.4909  91.5409 15.22406718   782
1 43138U 18004AD  18017.85786868 +.00001471 +00000-0 +66771-4 0  9999
2 43138 097.5552 080.0069 0008020 266.8314 093.2005 15.22407665000846
1 43138U 18004AD  18018.44941484 +.00001503 +00000-0 +68155-4 0  9996
2 43138 097.5551 080.6014 0008032 264.2777 095.7544 15.22409588000930
1 43138U 18004AD  18018.64659669  .00001442  00000-0  65494-4 0  9994
2 43138  97.5551  80.7996 0008035 263.4124  96.6198 15.22409896   960
1 43138U 18004AD  18018.90950561 +.00001468 +00000-0 +66648-4 0  9998
2 43138 097.5550 081.0638 0008040 262.3517 097.6806 15.22410867001009
1 43138U 18004AD  18019.89541298 +.00001495 +00000-0 +67777-4 0  9994
2 43138 097.5549 082.0546 0008060 258.2676 101.7656 15.22414131001152
1 43138U 18004AD  18020.22404816  .00001522  00000-0  68960-4 0  9993
2 43138  97.5548  82.3849 0008073 256.9197 103.1138 15.22415369  1208
1 43138U 18004AD  18020.28977509 +.00001581 +00000-0 +71511-4 0  9994
2 43138 097.5548 082.4509 0008074 256.6247 103.4089 15.22415927001215
1 43138U 18004AD  18020.88131823 +.00001589 +00000-0 +71851-4 0  9996
2 43138 097.5547 083.0454 0008087 254.1943 105.8401 15.22417744001303
1 43138U 18004AD  18021.27568004  .00001594  00000-0  72057-4 0  9990
2 43138  97.5547  83.4418 0008098 252.5466 107.4885 15.22418933  1362
1 43138U 18004AD  18021.60431419 +.00001681 +00000-0 +75810-4 0  9993
2 43138 097.5547 083.7720 0008106 251.1577 108.8780 15.22420508001415
1 43138U 18004AD  18022.13012856 +.00001676 +00000-0 +75614-4 0  9998
2 43138 097.5546 084.3004 0008126 249.0095 111.0272 15.22422204001494
1 43138U 18004AD  18022.65594268  .00001665  00000-0  75129-4 0  9996
2 43138  97.5545  84.8289 0008145 246.7920 113.2459 15.22423799  1575
1 43138U 18004AD  18024.10192835  .00001525  00000-0  69050-4 0  9993
2 43138  97.5544  86.2820 0008225 240.8699 119.1714 15.22427755  1797
1 43138U 18004AD  18024.62774065 +.00001393 +00000-0 +63356-4 0  9997
2 43138 097.5543 086.8104 0008254 238.7145 121.3283 15.22428663001875
1 43138U 18004AD  18024.69346719 +.00001380 +00000-0 +62792-4 0  9994
2 43138 097.5543 086.8765 0008256 238.4538 121.5892 15.22428773001884
1 43138U 18004AD  18025.15355161  .00001412  00000-0  64166-4 0  9990
2 43138  97.5542  87.3388 0008287 236.6394 123.4049 15.22430601  1950
1 43138U 18004AD  18025.61363581 +.00001503 +00000-0 +68088-4 0  9994
2 43138 097.5542 087.8011 0008321 234.7049 125.3409 15.22432642002020
1 43138U 18004AD  18025.87654105 +.00001458 +00000-0 +66169-4 0  9994
2 43138 097.5541 088.0653 0008345 233.7370 126.3095 15.22433238002064
1 43138U 18004AD  18026.20517218  .00001428  00000-0  64838-4 0  9993
2 43138  97.5541  88.3955 0008371 232.3896 127.6580 15.22434202  2110
1 43138U 18004AD  18026.40235073 +.00001575 +00000-0 +71189-4 0  9991
2 43138 097.5541 088.5937 0008382 231.5749 128.4735 15.22435632002144
1 43138U 18004AD  18026.73098146 +.00001566 +00000-0 +70796-4 0  9998
2 43138 097.5540 088.9238 0008396 230.3479 129.7016 15.22436734002198
1 43138U 18004AD  18027.51969464  .00001518  00000-0  68741-4 0  9999
2 43138  97.5539  89.7164 0008448 227.1856 132.8671 15.22439133  2316
1 43138U 18004AD  18027.91405100 +.00001410 +00000-0 +64068-4 0  9994
2 43138 097.5538 090.1127 0008476 225.6533 134.4009 15.22439781002374
1 43138U 18004AD  18028.57131086 +.00001425 +00000-0 +64689-4 0  9991
2 43138 097.5537 090.7731 0008525 223.0111 137.0460 15.22441921002479
1 43138U 18004AD  18028.70276274  .00001409  00000-0  64014-4 0  9999
2 43138  97.5536  90.9052 0008532 222.5062 137.5514 15.22442242  2497
1 43138U 18004AD  18029.16284354 +.00001440 +00000-0 +65367-4 0  9995
2 43138 097.5535 091.3675 0008563 220.7496 139.3100 15.22443969002563
1 43138U 18004AD  18029.68865031 +.00001387 +00000-0 +63067-4 0  9994
2 43138 097.5534 091.8958 0008601 218.6517 141.4104 15.22445229002642
1 43138U 18004AD  18030.14873049  .00001378  00000-0  62665-4 0  9998
2 43138  97.5533  92.3581 0008636 216.8900 143.1743 15.22446616  2710
1 43138U 18004AD  18030.74026187 +.00001399 +00000-0 +63555-4 0  9999
2 43138 097.5532 092.9525 0008680 214.5663 145.5010 15.22448455002809
1 43138U 18004AD  18031.20034169 +.00001298 +00000-0 +59206-4 0  9996
2 43138 097.5531 093.4148 0008720 212.8355 147.2340 15.22449157002871
1 43138U 18004AD  18032.12049923 +.00001319 +00000-0 +60083-4 0  9991
2 43138 097.5529 094.3394 0008805 209.3261 150.7482 15.22452037003016
1 43138U 18004AD  18032.71202869  .00001310  00000-0  59694-4 0  9993
2 43138  97.5529  94.9338 0008858 207.0624 153.0152 15.22453628  3103
1 43138U 18004AD  18032.90920492 +.00001305 +00000-0 +59499-4 0  9990
2 43138 097.5528 095.1319 0008874 206.3552 153.7233 15.22454165003131
1 43138U 18004AD  18033.36928276 +.00001321 +00000-0 +60200-4 0  9999
2 43138 097.5527 095.5941 0008909 204.7302 155.3508 15.22455522003208
1 43138U 18004AD  18033.82936009  .00001287  00000-0  58718-4 0  9995
2 43138  97.5526  96.0564 0008952 203.0540 157.0295 15.22456637  3275
1 43138U 18004AD  18034.35516270 +.00001263 +00000-0 +57679-4 0  9997
2 43138 097.5525 096.5848 0009004 201.0713 159.0153 15.22457833003356
1 43138U 18004AD  18034.88096441 +.00001264 +00000-0 +57693-4 0  9995
2 43138 097.5524 097.1130 0009048 199.1510 160.9387 15.22459280003433
1 43138U 18004AD  18035.14386510  .00001267  00000-0  57857-4 0  9999
2 43138  97.5524  97.3772 0009089 198.1506 161.9406 15.22460028  3475
1 43138U 18004AD  18035.20959049 +.00001261 +00000-0 +57575-4 0  9990
2 43138 097.5524 097.4433 0009102 197.8896 162.2021 15.22460090003481
1 43138U 18004AD  18035.73539171 +.00001276 +00000-0 +58221-4 0  9993
2 43138 097.5523 097.9715 0009149 195.9561 164.1388 15.22461529003561
1 43138U 18004AD  18036.58981745 +.00001325 +00000-0 +60339-4 0  9993
2 43138 097.5522 098.8300 0009235 192.8675 167.2327 15.22464111003699
1 43138U 18004AD  18036.72126752  .00001315  00000-0  59910-4 0  9990
2 43138  97.5521  98.9621 0009244 192.4048 167.6962 15.22464391  3717
1 43138U 18004AD  18037.11561743 +.00001318 +00000-0 +60042-4 0  9998
2 43138 097.5521 099.3583 0009282 191.0155 169.0879 15.22465457003778
1 43138U 18004AD  18037.90431675 +.00001295 +00000-0 +59028-4 0  9991
2 43138 097.5520 100.1507 0009359 188.1890 171.9194 15.22467329003897
1 43138U 18004AD  18038.10149129  .00001299  00000-0  59188-4 0  9995
2 43138  97.5519 100.3488 0009377 187.5111 172.5986 15.22467907  3926
1 43138U 18004AD  18038.36439089 +.00001311 +00000-0 +59716-4 0  9992
2 43138 097.5519 100.6130 0009405 186.5770 173.5344 15.22468568003962
1 43138U 18004AD  18038.82446417 +.00001386 +00000-0 +62969-4 0  9992
2 43138 097.5519 101.0752 0009443 184.9427 175.1717 15.22470276004030
1 43138U 18004AD  18039.15308792  .00001381  00000-0  62716-4 0  9997
2 43138  97.5518 101.4054 0009476 183.7973 176.3192 15.22471115  4085
1 43138U 18004AD  18039.81033529 +.00001502 +00000-0 +67965-4 0  9999
2 43138 097.5517 102.0657 0009533 181.5096 178.6113 15.22473308004181
1 43138U 18004AD  18040.46758121  .00001531  00000-0  69201-4 0  9991
2 43138  97.5516 102.7260 0009592 179.3111 180.8140 15.22475287  4289
1 43138U 18004AD  18040.73047968 +.00001396 +00000-0 +63393-4 0  9996
2 43138 097.5516 102.9901 0009621 178.4053 181.7215 15.22475220004326
1 43138U 18004AD  18041.45344944 +.00001411 +00000-0 +64012-4 0  9997
2 43138 097.5515 103.7164 0009704 175.9455 184.1862 15.22477190004430
1 43138U 18004AD  18041.84779568  .00001476  00000-0  66803-4 0  9995
2 43138  97.5514 104.1126 0009742 174.6150 185.5192 15.22478767  4490
1 43138U 18004AD  18041.91352022 +.00001433 +00000-0 +64961-4 0  9991
2 43138 097.5514 104.1786 0009749 174.3968 185.7378 15.22478677004503
1 43138U 18004AD  18042.37359102 +.00001422 +00000-0 +64478-4 0  9999
2 43138 097.5514 104.6408 0009803 172.8313 187.3065 15.22479866004576
1 43138U 18004AD  18042.83366126 +.00001419 +00000-0 +64346-4 0  9994
2 43138 097.5512 105.1030 0009841 171.2665 188.8744 15.22481164004648
1 43138U 18004AD  18043.35945540 +.00001396 +00000-0 +63376-4 0  9991
2 43138 097.5512 105.6312 0009894 169.4779 190.6666 15.22482509004726
1 43138U 18004AD  18043.75380041 +.00001423 +00000-0 +64503-4 0  9998
2 43138 097.5510 106.0274 0009925 168.1267 192.0205 15.22483835004783
1 43138U 18004AD  18044.41104210  .00001523  00000-0  68832-4 0  9994
2 43138  97.5509 106.6877 0009982 165.9035 194.2482 15.22486091  4886
1 43138U 18004AD  18044.60821436 +.00001552 +00000-0 +70077-4 0  9997
2 43138 097.5509 106.8857 0010000 165.2483 194.9047 15.22486809004914
1 43138U 18004AD  18044.80538656 +.00001551 +00000-0 +70044-4 0  9991
2 43138 097.5508 107.0838 0010009 164.6004 195.5539 15.22487344004947
1 43138U 18004AD  18045.59407471 +.00001735 +00000-0 +77972-4 0  9999
2 43138 097.5507 107.8761 0010079 162.0051 198.1544 15.22490516005064
1 43138U 18004AD  18045.85697019  .00001769  00000-0  79426-4 0  9990
2 43138  97.5506 108.1402 0010100 161.1469 199.0143 15.22491527  5100
1 43138U 18004AD  18046.38276136 +.00001867 +00000-0 +83651-4 0  9996
2 43138 097.5504 108.6684 0010152 159.4235 200.7412 15.22493533005189
1 43138U 18004AD  18046.84282783 +.00001772 +00000-0 +79562-4 0  9993
2 43138 097.5503 109.1305 0010185 157.9600 202.2076 15.22494493005256
1 43138U 18004AD  18047.17144565  .00001892  00000-0  84721-4 0  9991
2 43138  97.5503 109.4606 0010214 156.9089 203.2608 15.22496453  5302
1 43138U 18004AD  18047.43434155 +.00001727 +00000-0 +77584-4 0  9993
2 43138 097.5502 109.7247 0010244 156.0537 204.1177 15.22495993005340
1 43138U 18004AD  18047.69723639 +.00001630 +00000-0 +73394-4 0  9997
2 43138 097.5502 109.9888 0010269 155.1981 204.9750 15.22496249005387
1 43138U 18004AD  18048.61736572 +.00001810 +00000-0 +81171-4 0  9992
2 43138 097.5500 110.9131 0010343 152.1985 207.9806 15.22500325005524
1 43138U 18004AD  18048.81453608  .00001813  00000-0  81281-4 0  9995
2 43138  97.5499 111.1111 0010354 151.5504 208.6299 15.22500991  5550
1 43138U 18004AD  18049.20887688 +.00001818 +00000-0 +81499-4 0  9994
2 43138 097.5499 111.5072 0010393 150.3091 209.8737 15.22502219005613
1 43138U 18004AD  18049.80038698 +.00001804 +00000-0 +80878-4 0  9994
2 43138 097.5498 112.1014 0010438 148.3992 211.7873 15.22504175005708
1 43138U 18004AD  18050.12900310  .00001791  00000-0  80348-4 0  9997
2 43138  97.5497 112.4316 0010468 147.3768 212.8116 15.22505334  5753
1 43138U 18004AD  18050.85195776 +.00001790 +00000-0 +80282-4 0  9995
2 43138 097.5495 113.1576 0010521 145.0986 215.0942 15.22508040005865
1 43138U 18004AD  18051.83780360  .00001677  00000-0  75420-4 0  9995
2 43138  97.5494 114.1478 0010598 142.0524 218.1461 15.22511020  6015
1 43138U 18004AD  18052.69220179 +.00001537 +00000-0 +69341-4 0  9997
2 43138 097.5493 115.0060 0010669 139.3911 220.8123 15.22513285006143
1 43138U 18004AD  18053.15226132  .00001500  00000-0  67775-4 0  9993
2 43138  97.5492 115.4681 0010699 137.9429 222.2630 15.22514790  6215
1 43138U 18004AD  18053.61232075 +.00001385 +00000-0 +62805-4 0  9997
2 43138 097.5492 115.9303 0010736 136.5178 223.6906 15.22515733006285
1 43138U 18004AD  18053.80948895 +.00001356 +00000-0 +61550-4 0  9996
2 43138 097.5491 116.1283 0010749 135.8859 224.3236 15.22516217006312
1 43138U 18004AD  18054.40099217  .00001517  00000-0  68476-4 0  9991
2 43138  97.5491 116.7226 0010787 134.0573 226.1553 15.22519294  6401
1 43138U 18004AD  18054.59815963 +.00001546 +00000-0 +69715-4 0  9994
2 43138 097.5491 116.9206 0010798 133.4432 226.7705 15.22520249006430
1 43138U 18004AD  18054.72960467 +.00001541 +00000-0 +69502-4 0  9998
2 43138 097.5490 117.0526 0010805 133.0194 227.1949 15.22520693006456
1 43138U 18004AD  18055.12393988 +.00001471 +00000-0 +66516-4 0  9995
2 43138 097.5489 117.4487 0010829 131.8291 228.3872 15.22521627006517
1 43138U 18004AD  18055.71544180  .00001639  00000-0  73721-4 0  9994
2 43138  97.5489 118.0428 0010871 129.9913 230.2279 15.22524551  6607
1 43138U 18004AD  18055.91260921 +.00001562 +00000-0 +70396-4 0  9994
2 43138 097.5488 118.2408 0010881 129.3902 230.8299 15.22524704006630
1 43138U 18004AD  18056.10977616 +.00001564 +00000-0 +70495-4 0  9994
2 43138 097.5488 118.4389 0010889 128.7882 231.4328 15.22525431006669
1 43138U 18004AD  18056.83272186  .00001553  00000-0  69993-4 0  9993
2 43138  97.5486 119.1650 0010928 126.5428 233.6816 15.22527601  6771
1 43138U 18004AD  18057.16133271 +.00001582 +00000-0 +71259-4 0  9991
2 43138 097.5485 119.4950 0010943 125.5444 234.6814 15.22528919006828
1 43138U 18004AD  18057.88427651  .00001582  00000-0  71263-4 0  9993
2 43138  97.5484 120.2211 0010982 123.3291 236.8998 15.22531149  6934
1 43138U 18004AD  18057.88427651 +.00001582 +00000-0 +71263-4 0  9993
2 43138 097.5484 120.2211 0010982 123.3291 236.8998 15.22531149006934
1 43138U 18004AD  18058.80438454 +.00001659 +00000-0 +74573-4 0  9991
2 43138 097.5482 121.1453 0011022 120.5043 239.7283 15.22534650007075
1 43138U 18004AD  18059.13299436  .00001603  00000-0  72170-4 0  9993
2 43138  97.5481 121.4753 0011041 119.5148 240.7190 15.22535389  7120
1 43138U 18004AD  18059.59304780 +.00001592 +00000-0 +71656-4 0  9997
2 43138 097.5481 121.9374 0011065 118.1466 242.0890 15.22536760007191
1 43138U 18004AD  18059.72449147 +.00001580 +00000-0 +71154-4 0  9999
2 43138 097.5480 122.0694 0011071 117.7462 242.4898 15.22537135007217
1 43138U 18004AD  18060.38170951  .00001397  00000-0  63264-4 0  9996
2 43138  97.5479 122.7295 0011090 115.7706 244.4675 15.22538266  7311
1 43138U 18004AD  18061.36753409 +.00001444 +00000-0 +65292-4 0  9996
2 43138 097.5477 123.7196 0011125 112.8441 247.3971 15.22541891007468
1 43138U 18004AD  18061.82758502  .00001438  00000-0  65043-4 0  9993
2 43138  97.5476 124.1817 0011138 111.4392 248.8033 15.22543355  7536
1 43138U 18004AD  18062.61624276 +.00001415 +00000-0 +64036-4 0  9997
2 43138 097.5475 124.9737 0011164 109.1108 251.1338 15.22545740007650
1 43138U 18004AD  18062.74768572 +.00001395 +00000-0 +63163-4 0  9996
2 43138 097.5475 125.1057 0011167 108.7343 251.5106 15.22545987007679
1 43138U 18004AD  18063.14201383  .00001395  00000-0  63146-4 0  9994
2 43138  97.5474 125.5017 0011170 107.5225 252.7233 15.22547282  7739
1 43138U 18004AD  18063.60206278 +.00001467 +00000-0 +66251-4 0  9993
2 43138 097.5473 125.9637 0011179 106.1569 254.0899 15.22549222007802
1 43138U 18004AD  18063.93066942 +.00001393 +00000-0 +63059-4 0  9992
2 43138 097.5472 126.2937 0011180 105.1358 255.1115 15.22549737007854
1 43138U 18004AD  18064.58788119 +.00001435 +00000-0 +64874-4 0  9994
2 43138 097.5471 126.9537 0011191 103.1900 257.0585 15.22552119007950
1 43138U 18004AD  18064.71932348  .00001428  00000-0  64594-4 0  9995
2 43138  97.5471 127.0857 0011194 102.7911 257.4577 15.22552493  7979
1 43138U 18004AD  18065.11364993 +.00001434 +00000-0 +64812-4 0  9995
2 43138 097.5469 127.4816 0011194 101.6030 258.6463 15.22553816008030
1 43138U 18004AD  18065.70513969 +.00001379 +00000-0 +62455-4 0  9998
2 43138 097.5468 128.0756 0011207 099.8452 260.4050 15.22555225008129
1 43138U 18004AD  18066.23090753 +.00001417 +00000-0 +64106-4 0  9996
2 43138 097.5467 128.6036 0011207 098.2712 261.9795 15.22556998008206
1 43138U 18004AD  18066.75667491 +.00001401 +00000-0 +63395-4 0  9994
2 43138 097.5467 129.1316 0011217 096.7031 263.5482 15.22558413008284
1 43138U 18004AD  18067.21672105 +.00001408 +00000-0 +63723-4 0  9996
2 43138 097.5466 129.5936 0011218 095.3395 264.9121 15.22559720008359
1 43138U 18004AD  18067.61104578 +.00001416 +00000-0 +64036-4 0  9991
2 43138 097.5466 129.9895 0011218 094.1829 266.0689 15.22560909008416
1 43138U 18004AD  18067.80820818 +.00001396 +00000-0 +63183-4 0  9993
2 43138 097.5465 130.1875 0011216 093.5614 266.6905 15.22561310008447
1 43138U 18004AD  18068.59685657 +.00001473 +00000-0 +66479-4 0  9997
2 43138 097.5464 130.9794 0011210 091.2258 269.0262 15.22563979008566
1 43138U 18004AD  18068.72829783  .00001476  00000-0  66631-4 0  9995
2 43138  97.5464 131.1114 0011210  90.8239 269.4281 15.22564378  8580
1 43138U 18004AD  18069.12262177 +.00001423 +00000-0 +64325-4 0  9998
2 43138 097.5463 131.5074 0011206 089.6523 270.5997 15.22565124008649
1 43138U 18004AD  18069.91126754 +.00001488 +00000-0 +67116-4 0  9997
2 43138 097.5462 132.2993 0011198 087.3187 272.9330 15.22567944008769
1 43138U 18004AD  18070.17414914  .00001500  00000-0  67642-4 0  9994
2 43138  97.5462 132.5633 0011191  86.5127 273.7388 15.22568874  8801
1 43138U 18004AD  18070.63419106 +.00001684 +00000-0 +75541-4 0  9993
2 43138 097.5461 133.0253 0011190 085.1410 275.1103 15.22571507008878
1 43138U 18004AD  18071.22567390  .00001668  00000-0  74845-4 0  9996
2 43138  97.5460 133.6192 0011181  83.3512 276.8996 15.22573205  8963
1 43138U 18004AD  18071.75143587 +.00001599 +00000-0 +71895-4 0  9997
2 43138 097.5459 134.1471 0011175 081.7787 278.4716 15.22574400009042
1 43138U 18004AD  18072.60579731 +.00001791 +00000-0 +80150-4 0  9994
2 43138 097.5458 135.0050 0011155 079.1620 281.0871 15.22578165009177
1 43138U 18004AD  18072.73723737 +.00001793 +00000-0 +80205-4 0  9998
2 43138 097.5457 135.1370 0011154 078.7665 281.4824 15.22578602009195
1 43138U 18004AD  18073.72303658 +.00001762 +00000-0 +78883-4 0  9999
2 43138 097.5455 136.1268 0011128 075.8181 284.4291 15.22581754009342
1 43138U 18004AD  18074.11735471  .00001896  00000-0  84628-4 0  9997
2 43138  97.5454 136.5228 0011103  74.5940 285.6522 15.22584111  9400
1 43138U 18004AD  18074.90599086 +.00001955 +00000-0 +87164-4 0  9998
2 43138 097.5452 137.3146 0011073 072.2060 288.0383 15.22587415009525
1 43138U 18004AD  18075.10314944 +.00001970 +00000-0 +87830-4 0  9996
2 43138 097.5452 137.5125 0011063 071.6033 288.6405 15.22588335009552
1 43138U 18004AD  18075.69462497  .00002120  00000-0  94258-4 0  9997
2 43138  97.5451 138.1064 0011041  69.8058 290.4365 15.22591461  9642
1 43138U 18004AD  18076.61469640 +.00002715 +00000-0 +11981-3 0  9998
2 43138 097.5448 139.0302 0010996 067.2672 292.9726 15.22596492009787
1 43138U 18004AD  18076.74613493  .00002674  00000-0  11803-3 0  9996
2 43138  97.5447 139.1622 0010991  66.8608 293.3785 15.22596958  9801
1 43138U 18004AD  18077.46904535 +.00002511 +00000-0 +11102-3 0  9998
2 43138 097.5445 139.8880 0010957 064.7160 295.5210 15.22600080009915
1 43138U 18004AD  18077.79764045  .00002486  00000-0  10994-3 0  9993
2 43138  97.5443 140.2179 0010944  63.7365 296.4994 15.22601618  9964
1 43138U 18004AD  18077.86335921 +.00002571 +00000-0 +11362-3 0  9993
2 43138 097.5443 140.2838 0010935 063.5663 296.6693 15.22602292009973
1 43138U 18004AD  18078.12623474 +.00002581 +00000-0 +11401-3 0  9991
2 43138 097.5442 140.5477 0010920 062.7860 297.4488 15.22603780010019
1 43138U 18004AD  18078.84914111  .00002544  00000-0  11244-3 0  9995
2 43138  97.5440 141.2735 0010877  60.5835 299.6486 15.22607543 10126
1 43138U 18004AD  18078.91485980 +.00002534 +00000-0 +11198-3 0  9997
2 43138 097.5440 141.3395 0010871 060.3871 299.8446 15.22607838010137
1 43138U 18004AD  18079.11201573 +.00002550 +00000-0 +11268-3 0  9990
2 43138 097.5439 141.5375 0010859 059.7622 300.4688 15.22608982010168
1 43138U 18004AD  18079.90063851 +.00002405 +00000-0 +10645-3 0  9999
2 43138 097.5437 142.3293 0010799 057.3492 302.8784 15.22612515010289
1 43138U 18004AD  18080.16351222  .00002418  00000-0  10700-3 0  9997
2 43138  97.5436 142.5932 0010778  56.5129 303.7136 15.22613982 10320
1 43138U 18004AD  18080.88641464 +.00002144 +00000-0 +95212-4 0  9994
2 43138 097.5436 143.3190 0010732 054.3086 305.9148 15.22616412010433
1 43138U 18004AD  18081.21500618  .00001956  00000-0  87135-4 0  9992
2 43138  97.5435 143.6489 0010710  53.3009 306.9210 15.22617340 10483
1 43138U 18004AD  18081.80647027 +.00001958 +00000-0 +87211-4 0  9990
2 43138 097.5435 144.2427 0010677 051.4763 308.7429 15.22619753010572
1 43138U 18004AD  18082.39793321  .00002079  00000-0  92425-4 0  9992
2 43138  97.5436 144.8367 0010633  49.5688 310.6474 15.22622480 10661
1 43138U 18004AD  18082.92367796 +.00001958 +00000-0 +87220-4 0  9996
2 43138 097.5435 145.3645 0010592 047.9713 312.2423 15.22623705010742
1 43138U 18004AD  18083.44942082  .00002247  00000-0  99620-4 0  9990
2 43138  97.5438 145.8922 0010551  46.0431 314.1674 15.22627702 10829
1 43138U 18004AD  18083.90944595 +.00002143 +00000-0 +95148-4 0  9998
2 43138 097.5437 146.3541 0010513 044.5972 315.6108 15.22629037010890
1 43138U 18004AD  18084.30375209 +.00002216 +00000-0 +98295-4 0  9990
2 43138 097.5436 146.7499 0010478 043.3868 316.8191 15.22631191010952
1 43138U 18004AD  18084.69805813  .00002160  00000-0  95864-4 0  9998
2 43138  97.5436 147.1458 0010450  42.1494 318.0544 15.22632581 11012
1 43138U 18004AD  18084.89521141 +.00002083 +00000-0 +92576-4 0  9990
2 43138 097.5435 147.3437 0010434 041.5344 318.6683 15.22632805011041
1 43138U 18004AD  18085.42095251 +.00002377 +00000-0 +10520-3 0  9992
2 43138 097.5434 147.8717 0010371 040.0945 320.1055 15.22635317011128
1 43138U 18004AD  18085.74953994  .00002247  00000-0  99588-4 0  9992
2 43138  97.5433 148.2015 0010349  39.0460 321.1521 15.22636464 11176
1 43138U 18004AD  18085.94669239 +.00002121 +00000-0 +94183-4 0  9997
2 43138 097.5433 148.3994 0010331 038.4511 321.7459 15.22636854011207
1 43138U 18004AD  18086.60386577 +.00002065 +00000-0 +91782-4 0  9991
2 43138 097.5433 149.0592 0010275 036.3882 323.8051 15.22639789011306
1 43138U 18004AD  18087.12960372  .00001942  00000-0  86507-4 0  9992
2 43138  97.5432 149.5869 0010234  34.7195 325.4707 15.22641674 11381
1 43138U 18004AD  18087.58962410 +.00001805 +00000-0 +80610-4 0  9994
2 43138 097.5432 150.0487 0010188 033.2783 326.9092 15.22643041011450
1 43138U 18004AD  18087.91820968 +.00001805 +00000-0 +80613-4 0  9995
2 43138 097.5431 150.3786 0010163 032.1882 327.9973 15.22644230011501
1 43138U 18004AD  18088.44394618  .00001712  00000-0  76624-4 0  9996
2 43138  97.5430 150.9064 0010113  30.4742 329.7080 15.22645891 11587
1 43138U 18004AD  18088.90396497 +.00001824 +00000-0 +81401-4 0  9997
2 43138 097.5427 151.3680 0010075 028.6902 331.4887 15.22647708011658
1 43138U 18004AD  18089.42970049 +.00001643 +00000-0 +73644-4 0  9995
2 43138 097.5427 151.8958 0010024 026.9553 333.2202 15.22648734011738
1 43138U 18004AD  18089.82400172  .00001552  00000-0  69739-4 0  9993
2 43138  97.5426 152.2916 0009987  25.6676 334.5053 15.22649696 11796
1 43138U 18004AD  18090.61260292 +.00001494 +00000-0 +67251-4 0  9991
2 43138 097.5425 153.0832 0009903 023.1229 337.0451 15.22652243011912
1 43138U 18004AD  18090.94118658 +.00001461 +00000-0 +65846-4 0  9997
2 43138 097.5424 153.4131 0009878 021.9996 338.1662 15.22653131011963
1 43138U 18004AD  18091.13833653  .00001457  00000-0  65673-4 0  9991
2 43138  97.5423 153.6110 0009859  21.3375 338.8270 15.22653801 11994
1 43138U 18004AD  18091.20405342 +.00001446 +00000-0 +65189-4 0  9999
2 43138 097.5423 153.6769 0009853 021.1106 339.0534 15.22653879012002
1 43138U 18004AD  18091.66406979 +.00001451 +00000-0 +65411-4 0  9990
2 43138 097.5423 154.1387 0009806 019.6026 340.5585 15.22655397012072
1 43138U 18004AD  18092.12408544 +.00001468 +00000-0 +66140-4 0  9990
2 43138 097.5421 154.6005 0009759 018.0449 342.1131 15.22657061012144
1 43138U 18004AD  18092.71553448  .00001363  00000-0  61602-4 0  9991
2 43138  97.5420 155.1942 0009696  16.0934 344.0608 15.22658191 12231
1 43138U 18004AD  18093.43841491 +.00001437 +00000-0 +64799-4 0  9991
2 43138 097.5419 155.9198 0009627 013.6433 346.5062 15.22660847012345
1 43138U 18004AD  18093.89842953  .00001414  00000-0  63802-4 0  9994
2 43138  97.5418 156.3815 0009584  12.0823 348.0641 15.22662039 12416
1 43138U 18004AD  18093.89842953 +.00001414 +00000-0 +63802-4 0  9994
2 43138 097.5418 156.3815 0009584 012.0823 348.0641 15.22662039012416
1 43138U 18004AD  18094.22701120 +.00001423 +00000-0 +64194-4 0  9997
2 43138 097.5418 156.7113 0009547 010.9460 349.1982 15.22663023012463
1 43138U 18004AD  18094.75274121 +.00001412 +00000-0 +63705-4 0  9996
2 43138 097.5417 157.2390 0009492 009.1837 350.9571 15.22664486012549
1 43138U 18004AD  18095.14703796  .00001464  00000-0  65943-4 0  9998
2 43138  97.5416 157.6348 0009455   7.8025 352.3357 15.22666052 12604
1 43138U 18004AD  18095.21275390 +.00001590 +00000-0 +71347-4 0  9995
2 43138 097.5416 157.7008 0009447 007.5742 352.5635 15.22666985012619
1 43138U 18004AD  18095.60705102 +.00001478 +00000-0 +66552-4 0  9994
2 43138 097.5416 158.0966 0009399 006.2526 353.8826 15.22667437012673
1 43138U 18004AD  18096.59279197  .00001432  00000-0  64574-4 0  9995
2 43138  97.5414 159.0859 0009290   2.8457 357.2830 15.22670011 12820
1 43138U 18004AD  18096.59279197 +.00001432 +00000-0 +64574-4 0  9995
2 43138 097.5414 159.0859 0009290 002.8457 357.2830 15.22670011012820
1 43138U 18004AD  18097.57853087 +.00001365 +00000-0 +61703-4 0  9996
2 43138 097.5412 160.0753 0009186 359.3734 000.7489 15.22672565012977
1 43138U 18004AD  18097.64424675  .00001361  00000-0  61503-4 0  9995
2 43138  97.5412 160.1413 0009179 359.1425   0.9793 15.22672734 12987
1 43138U 18004AD  18098.43283642 +.00001408 +00000-0 +63523-4 0  9996
2 43138 097.5411 160.9328 0009107 356.2946 003.8221 15.22675285013103
1 43138U 18004AD  18098.82713095  .00001366  00000-0  61714-4 0  9992
2 43138  97.5411 161.3285 0009073 354.8976   5.2167 15.22676170 13164
1 43138U 18004AD  18099.15570905 +.00001404 +00000-0 +63329-4 0  9997
2 43138 097.5410 161.6583 0009045 353.6211 006.4908 15.22677445013213
1 43138U 18004AD  18099.61571841 +.00001614 +00000-0 +72365-4 0  9991
2 43138 097.5410 162.1200 0008997 352.0073 008.1018 15.22679922013289
1 43138U 18004AD  18100.14144261  .00001639  00000-0  73430-4 0  9995
2 43138  97.5409 162.6477 0008950 350.0760  10.0298 15.22681706 13362
1 43138U 18004AD  18100.60144951 +.00001985 +00000-0 +88255-4 0  9997
2 43138 097.5408 163.1093 0008894 348.3951 011.7079 15.22685445013437
1 43138U 18004AD  18100.86431101 +.00001977 +00000-0 +87917-4 0  9996
2 43138 097.5408 163.3732 0008879 347.4347 012.6666 15.22686283013478
1 43138U 18004AD  18101.39003248  .00002277  00000-0  10078-3 0  9999
2 43138  97.5407 163.9009 0008823 345.4829  14.6152 15.22690032 13550
1 43138U 18004AD  18101.58717783 +.00002309 +00000-0 +10216-3 0  9996
2 43138 097.5408 164.0987 0008802 344.7406 015.3564 15.22691046013582
1 43138U 18004AD  18101.71860814 +.00002294 +00000-0 +10151-3 0  9996
2 43138 097.5408 164.2306 0008790 344.2492 015.8469 15.22691483013602
1 43138U 18004AD  18102.31004510 +.00002107 +00000-0 +93455-4 0  9998
2 43138 097.5406 164.8242 0008725 341.9998 018.0927 15.22692452013698
1 43138U 18004AD  18102.63861961  .00002179  00000-0  96549-4 0  9990
2 43138  97.5406 165.1540 0008689 340.7798  19.3109 15.22694361 13740
1 43138U 18004AD  18103.23005429 +.00002462 +00000-0 +10869-3 0  9991
2 43138 097.5406 165.7476 0008598 338.6064 021.4812 15.22697577013832
1 43138U 18004AD  18103.69005796  .00002167  00000-0  96041-4 0  9997
2 43138  97.5405 166.2093 0008555 336.8652  23.2197 15.22698894 13905
1 43138U 18004AD  18104.61006332 +.00001735 +00000-0 +77491-4 0  9995
2 43138 097.5404 167.1327 0008466 333.3561 026.7239 15.22701846014049
1 43138U 18004AD  18104.80720702  .00001739  00000-0  77681-4 0  9995
2 43138  97.5402 167.3306 0008454 332.5677  27.5112 15.22702661 14070
1 43138U 18004AD  18104.93863604 +.00001787 +00000-0 +79735-4 0  9993
2 43138 097.5402 167.4626 0008448 332.0308 028.0473 15.22703378014099
1 43138U 18004AD  18105.59578094 +.00001735 +00000-0 +77519-4 0  9993
2 43138 097.5400 168.1221 0008387 329.4736 030.6011 15.22705871014191
1 43138U 18004AD  18105.85863859  .00001726  00000-0  77097-4 0  9999
2 43138  97.5399 168.3859 0008371 328.3978  31.6755 15.22706758 14232
1 43138U 18004AD  18106.45006778 +.00001692 +00000-0 +75657-4 0  9997
2 43138 097.5397 168.9795 0008310 326.0418 034.0285 15.22708866014329
1 43138U 18004AD  18106.91006787 +.00001710 +00000-0 +76409-4 0  9995
2 43138 097.5399 169.4411 0008320 324.0882 035.9794 15.22710094014394
1 43138U 18004AD  18107.17292463  .00001686  00000-0  75375-4 0  9995
2 43138  97.5399 169.7049 0008303 323.0479  37.0184 15.22711097 14431
1 43138U 18004AD  18107.43578162 +.00001664 +00000-0 +74423-4 0  9996
2 43138 097.5399 169.9687 0008281 322.0289 038.0363 15.22711936014470
1 43138U 18004AD  18107.89578046 +.00001644 +00000-0 +73587-4 0  9995
2 43138 097.5398 170.4304 0008245 320.2035 039.8596 15.22713605014541
1 43138U 18004AD  18108.42149307  .00001679  00000-0  75059-4 0  9993
2 43138  97.5397 170.9579 0008207 318.1222  41.9385 15.22715716 14625
1 43138U 18004AD  18108.88149085 +.00001687 +00000-0 +75404-4 0  9999
2 43138 097.5396 171.4196 0008180 316.2933 043.7654 15.22717444014699
1 43138U 18004AD  18109.40720253 +.00001637 +00000-0 +73274-4 0  9998
2 43138 097.5396 171.9472 0008141 314.1828 045.8738 15.22718988014777
1 43138U 18004AD  18109.73577205  .00001586  00000-0  71096-4 0  9994
2 43138  97.5395 172.2769 0008115 312.8650  47.1904 15.22719807 14825
1 43138U 18004AD  18109.86719938 +.00001666 +00000-0 +74492-4 0  9991
2 43138 097.5395 172.4088 0008109 312.3143 047.7405 15.22720757014846
1 43138U 18004AD  18110.45862359 +.00001716 +00000-0 +76664-4 0  9993
2 43138 097.5394 173.0023 0008072 309.9044 050.1482 15.22723068014933
1 43138U 18004AD  18110.85290387  .00002023  00000-0  89776-4 0  9993
2 43138  97.5393 173.3980 0008056 308.2809  51.7702 15.22726735 14992
1 43138U 18004AD  18110.91861748 +.00002021 +00000-0 +89722-4 0  9994
2 43138 097.5393 173.4639 0008051 307.9876 052.0632 15.22726963015001
1 43138U 18004AD  18111.37861143 +.00002323 +00000-0 +10265-3 0  9994
2 43138 097.5393 173.9256 0008024 306.1048 053.9445 15.22730660015071
1 43138U 18004AD  18111.83860712 +.00002703 +00000-0 +11893-3 0  9996
2 43138 097.5386 174.3873 0007956 304.0939 055.9542 15.22732194015144
1 43138U 18004AD  18112.16717355  .00002688  00000-0  11828-3 0  9997
2 43138  97.5386 174.7171 0007946 302.7247  57.3223 15.22733963 15197
1 43138U 18004AD  18112.23288704 +.00002483 +00000-0 +10948-3 0  9991
2 43138 097.5386 174.7830 0007939 302.4219 057.6249 15.22733548015209
1 43138U 18004AD  18112.75859295 +.00002266 +00000-0 +10018-3 0  9994
2 43138 097.5386 175.3105 0007913 300.2416 059.8036 15.22735611015287
1 43138U 18004AD  18113.41572386  .00002045  00000-0  90708-4 0  9991
2 43138  97.5387 175.9701 0007883 297.5029  62.5406 15.22738510 15384
1 43138U 18004AD  18113.61286303 +.00001865 +00000-0 +82987-4 0  9993
2 43138 097.5387 176.1679 0007874 296.6917 063.3512 15.22738991015411
1 43138U 18004AD  18113.87571504 +.00001772 +00000-0 +79016-4 0  9997
2 43138 097.5387 176.4317 0007863 295.6173 064.4250 15.22739919015450
1 43138U 18004AD  18114.59855714 +.00001598 +00000-0 +71571-4 0  9999
2 43138 097.5387 177.1570 0007829 292.5098 067.5309 15.22742696015560
1 43138U 18004AD  18114.79569567  .00001611  00000-0  72093-4 0  9995
2 43138  97.5387 177.3549 0007824 291.7096  68.3307 15.22743482 15596
1 43138U 18004AD  18115.84709969  .00001669  00000-0  74597-4 0  9998
2 43138  97.5386 178.4100 0007796 287.1583  72.8799 15.22747555 15756
1 43138U 18004AD  18115.91281239 +.00001662 +00000-0 +74287-4 0  9990
2 43138 097.5386 178.4759 0007794 286.8711 073.1671 15.22747733015765
1 43138U 18004AD  18116.10995086 +.00001764 +00000-0 +78654-4 0  9999
2 43138 097.5386 178.6736 0007837 286.1764 073.8609 15.22748036015799
1 43138U 18004AD  18116.89850160 +.00001654 +00000-0 +73941-4 0  9990
2 43138 097.5384 179.4649 0007814 282.8380 077.1983 15.22750867015912
1 43138U 18004AD  18117.16135155  .00001626  00000-0  72728-4 0  9992
2 43138  97.5384 179.7286 0007811 281.7227  78.3132 15.22751798 15954
1 43138U 18004AD  18117.81847600 +.00001636 +00000-0 +73153-4 0  9993
2 43138 097.5383 180.3881 0007799 278.9901 081.0453 15.22754306016051
1 43138U 18004AD  18118.40988763  .00001534  00000-0  68772-4 0  9993
2 43138  97.5383 180.9816 0007793 276.4391  83.5958 15.22755741 16146
1 43138U 18004AD  18118.86987421 +.00001466 +00000-0 +65869-4 0  9991
2 43138 097.5382 181.4432 0007794 274.4700 085.5646 15.22756757016210
1 43138U 18004AD  18119.13272332 +.00001436 +00000-0 +64573-4 0  9998
2 43138 097.5382 181.7069 0007797 273.3510 086.6834 15.22757495016254
1 43138U 18004AD  18119.72413375  .00001339  00000-0  60417-4 0  9992
2 43138  97.5381 182.3004 0007794 270.7995  89.2348 15.22758787 16348
1 43138U 18004AD  18119.92127013 +.00001376 +00000-0 +62018-4 0  9995
2 43138 097.5381 182.4982 0007797 269.9434 090.0909 15.22759647016377
1 43138U 18004AD  18120.11840660 +.00001367 +00000-0 +61635-4 0  9992
2 43138 097.5380 182.6960 0007801 269.0948 090.9395 15.22760238016401
1 43138U 18004AD  18120.90695211 +.00001345 +00000-0 +60664-4 0  9996
2 43138 097.5379 183.4873 0007805 265.7284 094.3060 15.22762463016523
1 43138U 18004AD  18121.10408821  .00001342  00000-0  60566-4 0  9996
2 43138  97.5379 183.6851 0007810 264.8980  95.1365 15.22763082 16558
1 43138U 18004AD  18121.43264841 +.00001345 +00000-0 +60696-4 0  9991
2 43138 097.5379 184.0148 0007815 263.5054 096.5292 15.22764036016605
1 43138U 18004AD  18121.89263237 +.00001448 +00000-0 +65064-4 0  9997
2 43138 097.5378 184.4764 0007821 261.6169 098.4181 15.22765872016679
1 43138U 18004AD  18122.15548006  .00001455  00000-0  65376-4 0  9991
2 43138  97.5378 184.7401 0007828 260.5021  99.5331 15.22766704 16711
1 43138U 18004AD  18122.61546356 +.00001422 +00000-0 +63989-4 0  9990
2 43138 097.5377 185.2017 0007832 258.5252 101.5105 15.22767768016788
1 43138U 18004AD  18122.68117550 +.00001409 +00000-0 +63414-4 0  9995
2 43138 097.5377 185.2676 0007836 258.2803 101.7554 15.22767857016792
1 43138U 18004AD  18123.33829442  .00001309  00000-0  59125-4 0  9991
2 43138  97.5376 185.9270 0007853 255.4672 104.5693 15.22768947 16897
1 43138U 18004AD  18123.60114156 +.00001329 +00000-0 +59995-4 0  9997
2 43138 097.5376 186.1906 0007857 254.3116 105.7254 15.22769796016935
1 43138U 18004AD  18123.86398860 +.00001305 +00000-0 +58965-4 0  9991
2 43138 097.5375 186.4544 0007872 253.2566 106.7807 15.22770374016972
1 43138U 18004AD  18124.38968270  .00001344  00000-0  60631-4 0  9993
2 43138  97.5375 186.9819 0007893 251.0502 108.9879 15.22771906 17056
1 43138U 18004AD  18124.84966467 +.00001263 +00000-0 +57138-4 0  9998
2 43138 097.5374 187.4434 0007913 249.1537 110.8852 15.22772645017125
1 43138U 18004AD  18125.37535795 +.00001373 +00000-0 +61840-4 0  9990
2 43138 097.5374 187.9709 0007936 246.9691 113.0709 15.22774543017200
1 43138U 18004AD  18125.83533820  .00001546  00000-0  69271-4 0  9996
2 43138  97.5373 188.4325 0007959 245.1284 114.9125 15.22776954 17270
1 43138U 18004AD  18125.90104969 +.00001551 +00000-0 +69470-4 0  9999
2 43138 097.5373 188.4984 0007965 244.8923 115.1487 15.22777163017282
1 43138U 18004AD  18126.36102843 +.00002034 +00000-0 +90113-4 0  9994
2 43138 097.5373 188.9600 0007990 242.9815 117.0606 15.22781558017354
1 43138U 18004AD  18126.82100847 +.00001961 +00000-0 +86977-4 0  9998
2 43138 097.5372 189.4215 0008009 241.1071 118.9362 15.22782451017428
1 43138U 18004AD  18127.14956469  .00001999  00000-0  88622-4 0  9993
2 43138  97.5372 189.7511 0008027 239.7850 120.2592 15.22783809 17472
1 43138U 18004AD  18127.60954312 +.00002048 +00000-0 +90727-4 0  9994
2 43138 097.5372 190.2127 0008054 237.8384 122.2072 15.22785663017546
1 43138U 18004AD  18127.80667653 +.00002046 +00000-0 +90611-4 0  9995
2 43138 097.5371 190.4104 0008065 237.0446 123.0015 15.22786354017572
1 43138U 18004AD  18128.39807622  .00002108  00000-0  93280-4 0  9996
2 43138  97.5371 191.0038 0008102 234.5965 125.4515 15.22788889 17661
1 43138U 18004AD  18128.85805389 +.00002397 +00000-0 +10562-3 0  9996
2 43138 097.5369 191.4655 0008130 232.3703 127.6796 15.22791133017733
1 43138U 18004AD  18129.38374048 +.00002281 +00000-0 +10064-3 0  9997
2 43138 097.5369 191.9930 0008174 230.2034 129.8483 15.22793423017816
1 43138U 18004AD  18129.84371565  .00002026  00000-0  89732-4 0  9995
2 43138  97.5368 192.4545 0008209 228.3908 131.6625 15.22794855 17886
1 43138U 18004AD  18130.43511098 +.00002238 +00000-0 +98793-4 0  9991
2 43138 097.5369 193.0478 0008261 226.0551 134.0004 15.22798529017976
1 43138U 18004AD  18130.89508455 +.00002094 +00000-0 +92642-4 0  9991
2 43138 097.5369 193.5093 0008297 224.2786 135.7787 15.22800328018049
1 43138U 18004AD  18131.15792639  .00001995  00000-0  88401-4 0  9997
2 43138  97.5369 193.7730 0008319 223.2523 136.8061 15.22801319 18084
1 43138U 18004AD  18131.61789876 +.00002239 +00000-0 +98813-4 0  9997
2 43138 097.5369 194.2346 0008352 221.4239 138.6365 15.22804436018152
1 43138U 18004AD  18131.88074012 +.00002036 +00000-0 +90152-4 0  9998
2 43138 097.5369 194.4982 0008373 220.4880 139.5734 15.22804917018192
1 43138U 18004AD  18132.60355199 +.00002111 +00000-0 +93339-4 0  9991
2 43138 097.5368 195.2234 0008431 217.5704 142.4944 15.22808825018308
1 43138U 18004AD  18132.86639236 +.00002068 +00000-0 +91495-4 0  9998
2 43138 097.5368 195.4871 0008454 216.5496 143.5164 15.22809839018345
1 43138U 18004AD  18133.45778242 +.00001999 +00000-0 +88527-4 0  9999
2 43138 097.5367 196.0805 0008507 214.2103 145.8586 15.22812432018433
1 43138U 18004AD  18133.85204171  .00002037  00000-0  90138-4 0  9993
2 43138  97.5365 196.4761 0008542 212.7314 147.3394 15.22814422 18493
1 43138U 18004AD  18133.91775158 +.00002039 +00000-0 +90226-4 0  9998
2 43138 097.5365 196.5420 0008552 212.4752 147.5959 15.22814699018507
1 43138U 18004AD  18134.90339824 +.00001791 +00000-0 +79615-4 0  9997
2 43138 097.5363 197.5309 0008647 208.7857 151.2903 15.22818376018654
1 43138U 18004AD  18135.16623683  .00001767  00000-0  78585-4 0  9993
2 43138  97.5363 197.7946 0008675 207.8257 152.2516 15.22819549 18696
1 43138U 18004AD  18135.88904249 +.00001727 +00000-0 +76872-4 0  9995
2 43138 097.5361 198.5198 0008748 205.0754 155.0059 15.22822361018807
1 43138U 18004AD  18136.21759020  .00001712  00000-0  76225-4 0  9994
2 43138  97.5360 198.8494 0008780 203.8400 156.2431 15.22823609 18856
1 43138U 18004AD  18136.41471868 +.00001728 +00000-0 +76911-4 0  9996
2 43138 097.5360 199.0472 0008803 203.0537 157.0305 15.22824368018889
1 43138U 18004AD  18136.87468506 +.00001813 +00000-0 +80570-4 0  9992
2 43138 097.5363 199.5088 0008818 201.6110 158.4756 15.22825782018951
1 43138U 18004AD  18137.40035961  .00001914  00000-0  84835-4 0  9997
2 43138  97.5362 200.0362 0008874 199.6582 160.4313 15.22828463 19035
1 43138U 18004AD  18137.86032429 +.00001873 +00000-0 +83108-4 0  9999
2 43138 097.5362 200.4977 0008919 197.9920 162.1002 15.22830181019100
1 43138U 18004AD  18138.12316101 +.00001833 +00000-0 +81403-4 0  9993
2 43138 097.5362 200.7613 0008951 197.0628 163.0308 15.22831098019143
1 43138U 18004AD  18138.64883451  .00001759  00000-0  78235-4 0  9993
2 43138  97.5361 201.2888 0009005 195.1093 164.9876 15.22832658 19220
1 43138U 18004AD  18138.84596164 +.00001831 +00000-0 +81278-4 0  9999
2 43138 097.5361 201.4866 0009034 194.4009 165.6971 15.22833774019256
1 43138U 18004AD  18139.24021627 +.00001669 +00000-0 +74371-4 0  9996
2 43138 097.5361 201.8821 0009080 192.9862 167.1142 15.22834358019315
1 43138U 18004AD  18139.70017962  .00001540  00000-0  68873-4 0  9992
2 43138  97.5360 202.3436 0009127 191.3035 168.7998 15.22835260 19385
1 43138U 18004AD  18139.89730638 +.00001537 +00000-0 +68722-4 0  9993
2 43138 097.5360 202.5413 0009146 190.6026 169.5019 15.22835970019410
1 43138U 18004AD  18140.62010444 +.00001474 +00000-0 +66054-4 0  9998
2 43138 097.5359 203.2665 0009223 187.9755 172.1336 15.22838136019520
1 43138U 18004AD  18140.75152220  .00001460  00000-0  65438-4 0  9991
2 43138  97.5359 203.3983 0009233 187.5019 172.6081 15.22838482 19542
1 43138U 18004AD  18141.14577514 +.00001438 +00000-0 +64487-4 0  9990
2 43138 097.5358 203.7939 0009271 186.1169 173.9956 15.22839684019606
1 43138U 18004AD  18141.73715431 +.00001401 +00000-0 +62911-4 0  9997
2 43138 097.5358 204.3872 0009332 183.9863 176.1301 15.22841321019692
1 43138U 18004AD  18142.13140656  .00001324  00000-0  59623-4 0  9993
2 43138  97.5357 204.7828 0009375 182.6258 177.4931 15.22842171 19751
1 43138U 18004AD  18142.39424116 +.00001439 +00000-0 +64516-4 0  9991
2 43138 097.5357 205.0465 0009403 181.6839 178.4367 15.22843630019797
1 43138U 18004AD  18142.72278421 +.00001413 +00000-0 +63413-4 0  9991
2 43138 097.5357 205.3761 0009432 180.5772 179.5455 15.22844581019847
1 43138U 18004AD  18143.11703548 +.00001430 +00000-0 +64137-4 0  9991
2 43138 097.5356 205.7716 0009465 179.2703 180.8549 15.22845989019904
1 43138U 18004AD  18143.64270353  .00001487  00000-0  66565-4 0  9991
2 43138  97.5357 206.2990 0009519 177.4404 182.6883 15.22847990 19986
1 43138U 18004AD  18144.23407944 +.00001452 +00000-0 +65087-4 0  9995
2 43138 097.5356 206.8923 0009581 175.4355 184.6970 15.22849658020073
1 43138U 18004AD  18144.75974659  .00001376  00000-0  61813-4 0  9992
2 43138  97.5356 207.4197 0009632 173.6315 186.5046 15.22850773 20150
1 43138U 18004AD  18145.61395441 +.00001370 +00000-0 +61575-4 0  9993
2 43138 097.5355 208.2767 0009710 170.7240 189.4178 15.22853222020287
1 43138U 18004AD  18145.81107908  .00001369  00000-0  61523-4 0  9995
2 43138  97.5355 208.4745 0009725 170.0817 190.0613 15.22853772 20310
1 43138U 18004AD  18146.40245277 +.00001352 +00000-0 +60795-4 0  9995
2 43138 097.5354 209.0678 0009796 168.0905 192.0564 15.22855362020408
1 43138U 18004AD  18146.86240920 +.00001422 +00000-0 +63778-4 0  9997
2 43138 097.5354 209.5293 0009841 166.5852 193.5647 15.22857190020477
1 43138U 18004AD  18147.12524138  .00001411  00000-0  63303-4 0  9995
2 43138  97.5353 209.7930 0009872 165.7378 194.4139 15.22857943 20511
1 43138U 18004AD  18147.38807349 +.00001455 +00000-0 +65164-4 0  9996
2 43138 097.5353 210.0567 0009898 164.8573 195.2962 15.22858949020551
1 43138U 18004AD  18147.84802937 +.00001410 +00000-0 +63243-4 0  9992
2 43138 097.5353 210.5181 0009944 163.3586 196.7978 15.22860094020623
1 43138U 18004AD  18148.17656894  .00001382  00000-0  62061-4 0  9993
2 43138  97.5353 210.8478 0009978 162.2983 197.8603 15.22860985 20672
1 43138U 18004AD  18148.43940051 +.00001413 +00000-0 +63375-4 0  9997
2 43138 097.5353 211.1114 0009998 161.4157 198.7446 15.22861926020715
1 43138U 18004AD  18148.89935510 +.00001430 +00000-0 +64106-4 0  9993
2 43138 097.5352 211.5728 0010040 159.9397 200.2235 15.22863496020783
1 43138U 18004AD  18149.35930959  .00001422  00000-0  63748-4 0  9999
2 43138  97.5353 212.0343 0010087 158.4439 201.7224 15.22864815 20853
1 43138U 18004AD  18149.81926352 +.00001413 +00000-0 +63347-4 0  9997
2 43138 097.5352 212.4957 0010126 156.9206 203.2487 15.22866155020921
1 43138U 18004AD  18150.14780181 +.00001399 +00000-0 +62754-4 0  9997
2 43138 097.5351 212.8253 0010155 155.8587 204.3128 15.22867077020978
1 43138U 18004AD  18150.80487795  .00001421  00000-0  63720-4 0  9995
2 43138  97.5351 213.4845 0010213 153.7070 206.4686 15.22869087 21078
1 43138U 18004AD  18150.87058561 +.00001406 +00000-0 +63064-4 0  9991
2 43138 097.5351 213.5504 0010232 153.5328 206.6433 15.22869144021083
1 43138U 18004AD  18151.59336813 +.00001522 +00000-0 +67993-4 0  9994
2 43138 097.5350 214.2755 0010303 151.2210 208.9596 15.22871930021195
1 43138U 18004AD  18151.92190516 +.00001567 +00000-0 +69919-4 0  9998
2 43138 097.5350 214.6051 0010334 150.1833 209.9994 15.22873173021241
1 43138U 18004AD  18152.11902716  .00001582  00000-0  70552-4 0  9995
2 43138  97.5349 214.8028 0010346 149.5717 210.6121 15.22873927 21272
1 43138U 18004AD  18152.38185569 +.00001967 +00000-0 +86978-4 0  9999
2 43138 097.5350 215.0665 0010363 148.7079 211.4776 15.22877060021317
1 43138U 18004AD  18152.84180543 +.00002071 +00000-0 +91388-4 0  9995
2 43138 097.5349 215.5280 0010396 147.2559 212.9323 15.22879517021386
1 43138U 18004AD  18153.10463395 +.00002059 +00000-0 +90865-4 0  9999
2 43138 097.5349 215.7916 0010417 146.4474 213.7424 15.22880437021424
1 43138U 18004AD  18153.69599788  .00002074  00000-0  91500-4 0  9993
2 43138  97.5348 216.3849 0010475 144.5736 215.6198 15.22882622 21516
1 43138U 18004AD  18154.61589576 +.00002242 +00000-0 +98667-4 0  9998
2 43138 097.5342 217.3078 0010591 141.6784 218.5207 15.22886301021651
1 43138U 18004AD  18154.81301609  .00002234  00000-0  98319-4 0  9994
2 43138  97.5341 217.5056 0010607 141.0718 219.1284 15.22887202 21683
1 43138U 18004AD  18154.87872265 +.00002347 +00000-0 +10313-3 0  9993
2 43138 097.5341 217.5715 0010617 140.8970 219.3036 15.22887944021694
1 43138U 18004AD  18155.60149614 +.00002024 +00000-0 +89332-4 0  9990
2 43138 097.5342 218.2964 0010679 138.6295 221.5752 15.22890489021803
1 43138U 18004AD  18155.86432253 +.00001945 +00000-0 +85997-4 0  9996
2 43138 097.5341 218.5601 0010695 137.7961 222.4101 15.22891358021849
1 43138U 18004AD  18156.12714867  .00001894  00000-0  83814-4 0  9999
2 43138  97.5341 218.8237 0010716 137.0025 223.2051 15.22892429 21882
1 43138U 18004AD  18156.58709404 +.00001795 +00000-0 +79585-4 0  9990
2 43138 097.5341 219.2852 0010747 135.5728 224.6372 15.22894128021954
1 43138U 18004AD  18156.91562610 +.00001773 +00000-0 +78628-4 0  9996
2 43138 097.5341 219.6147 0010765 134.5930 225.6186 15.22895321022006
1 43138U 18004AD  18157.44127704  .00001632  00000-0  72631-4 0  9998
2 43138  97.5341 220.1420 0010796 132.9926 227.2217 15.22896923 22088
1 43138U 18004AD  18157.90122109 +.00001570 +00000-0 +69965-4 0  9990
2 43138 097.5342 220.6034 0010820 131.6046 228.6119 15.22898394022150
1 43138U 18004AD  18158.42687049 +.00001779 +00000-0 +78892-4 0  9997
2 43138 097.5345 221.1307 0010815 129.9375 230.2813 15.22900795022239
1 43138U 18004AD  18158.62398907  .00001688  00000-0  75015-4 0  9994
2 43138  97.5345 221.3284 0010825 129.3207 230.8991 15.22901054 22269
1 43138U 18004AD  18158.88681327 +.00001737 +00000-0 +77093-4 0  9996
2 43138 097.5343 221.5921 0010878 128.5900 231.6312 15.22902783022307
1 43138U 18004AD  18159.41246151 +.00001670 +00000-0 +74247-4 0  9992
2 43138 097.5344 222.1194 0010867 126.8901 233.3333 15.22904163022381
1 43138U 18004AD  18159.80669729  .00001642  00000-0  73053-4 0  9998
2 43138  97.5344 222.5149 0010890 125.7047 234.5205 15.22905484 22445
1 43138U 18004AD  18160.85799136  .00001503  00000-0  67099-4 0  9990
2 43138  97.5344 223.5695 0010940 122.5523 237.6771 15.22908509 22603
1 43138U 18004AD  18161.90928346 +.00001348 +00000-0 +60513-4 0  9995
2 43138 097.5343 224.6242 0010994 119.4435 240.7900 15.22911189022762
1 43138U 18004AD  18162.69775102 +.00001301 +00000-0 +58495-4 0  9997
2 43138 097.5343 225.4151 0011030 117.0701 243.1662 15.22913484022887
1 43138U 18004AD  18163.42051162  .00001373  00000-0  61565-4 0  9993
2 43138  97.5343 226.1402 0011059 114.8720 245.3667 15.22916148 22992
1 43138U 18004AD  18163.61762810 +.00001325 +00000-0 +59524-4 0  9992
2 43138 097.5342 226.3379 0011072 114.2929 245.9465 15.22916487023029
1 43138U 18004AD  18163.94615553 +.00001282 +00000-0 +57679-4 0  9990
2 43138 097.5342 226.6675 0011083 113.3039 246.9365 15.22917141023078
1 43138U 18004AD  18164.40609338 +.00001268 +00000-0 +57097-4 0  9994
2 43138 097.5342 227.1289 0011099 111.9104 248.3313 15.22918393023146
1 43138U 18004AD  18164.80032531  .00001295  00000-0  58231-4 0  9994
2 43138  97.5341 227.5244 0011109 110.7161 249.5267 15.22919710 23204
1 43138U 18004AD  18165.39167318 +.00001258 +00000-0 +56641-4 0  9993
2 43138 097.5341 228.1176 0011128 108.9765 251.2678 15.22921076023298
1 43138U 18004AD  18165.85160976  .00001256  00000-0  56553-4 0  9997
2 43138  97.5341 228.5790 0011136 107.5809 252.6645 15.22922346 23365
1 43138U 18004AD  18166.37725119 +.00001259 +00000-0 +56673-4 0  9997
2 43138 097.5341 229.1063 0011147 106.0343 254.2122 15.22923788023442
1 43138U 18004AD  18166.83718698 +.00001251 +00000-0 +56329-4 0  9992
2 43138 097.5340 229.5677 0011154 104.6261 255.6213 15.22925003023513
1 43138U 18004AD  18167.16571232  .00001238  00000-0  55789-4 0  9994
2 43138  97.5340 229.8973 0011158 103.6408 256.6071 15.22925837 23564
1 43138U 18004AD  18167.36282762 +.00001254 +00000-0 +56476-4 0  9995
2 43138 097.5340 230.0950 0011165 103.0823 257.1660 15.22926370023592
1 43138U 18004AD  18167.82276275 +.00001232 +00000-0 +55517-4 0  9999
2 43138 097.5340 230.5564 0011170 101.6852 258.5638 15.22927427023662
1 43138U 18004AD  18168.41410750  .00001220  00000-0  55002-4 0  9999
2 43138  97.5340 231.1496 0011185  99.9864 260.2635 15.22928823 23759
1 43138U 18004AD  18168.74263199 +.00001223 +00000-0 +55130-4 0  9993
2 43138 097.5339 231.4792 0011191 098.9952 261.2551 15.22929699023809
1 43138U 18004AD  18169.13686113 +.00001222 +00000-0 +55083-4 0  9998
2 43138 097.5338 231.8747 0011191 097.8058 262.4449 15.22930715023863
1 43138U 18004AD  18169.85961250  .00001411  00000-0  63119-4 0  9994
2 43138  97.5338 232.5997 0011196  95.6834 264.5679 15.22934036 23971
1 43138U 18004AD  18169.92531721 +.00001403 +00000-0 +62807-4 0  9992
2 43138 097.5338 232.6655 0011195 095.5188 264.7325 15.22934173023986
1 43138U 18004AD  18170.12243118 +.00001404 +00000-0 +62838-4 0  9991
2 43138 097.5338 232.8633 0011193 094.9369 265.3145 15.22934777024018
1 43138U 18004AD  18170.84518137 +.00001530 +00000-0 +68174-4 0  9995
2 43138 097.5337 233.5883 0011191 092.7668 267.4849 15.22937734024120
1 43138U 18004AD  18171.17370377  .00001528  00000-0  68121-4 0  9993
2 43138  97.5337 233.9179 0011185  91.7837 268.4681 15.22938819 24177
1 43138U 18004AD  18171.43652171 +.00001529 +00000-0 +68127-4 0  9994
2 43138 097.5338 234.1815 0011186 091.0093 269.2425 15.22939609024214
1 43138U 18004AD  18172.61919998 +.00001545 +00000-0 +68821-4 0  9997
2 43138 097.5337 235.3679 0011184 087.4945 272.7572 15.22943514024398
1 43138U 18004AD  18172.75060849  .00001544  00000-0  68771-4 0  9997
2 43138  97.5336 235.4997 0011185  87.0998 273.1519 15.22943921 24417
1 43138U 18004AD  18172.94772109 +.00001548 +00000-0 +68951-4 0  9991
2 43138 097.5336 235.6974 0011176 086.5138 273.7376 15.22944598024445
1 43138U 18004AD  18173.21053813 +.00001565 +00000-0 +69652-4 0  9994
2 43138 097.5336 235.9610 0011172 085.7164 274.5348 15.22945478024481
1 43138U 18004AD  18173.80187507  .00001595  00000-0  70954-4 0  9997
2 43138  97.5336 236.5542 0011167  83.9913 276.2596 15.22947678 24576
1 43138U 18004AD  18173.86757914 +.00001581 +00000-0 +70359-4 0  9992
2 43138 097.5335 236.6201 0011165 083.8172 276.4336 15.22947819024584
1 43138U 18004AD  18174.39321140 +.00001637 +00000-0 +72704-4 0  9997
2 43138 097.5336 237.1474 0011151 082.2833 277.9669 15.22949887024666
1 43138U 18004AD  18174.85313774  .00001818  00000-0  80398-4 0  9991
2 43138  97.5335 237.6088 0011138  80.8789 279.3707 15.22952897 24732
1 43138U 18004AD  18175.44447160 +.00001953 +00000-0 +86140-4 0  9995
2 43138 097.5335 238.2020 0011118 079.1111 281.1376 15.22955990024823
1 43138U 18004AD  18175.90439776 +.00001846 +00000-0 +81595-4 0  9990
2 43138 097.5335 238.6634 0011105 077.7427 282.5052 15.22957130024899
1 43138U 18004AD  18176.16721222  .00001844  00000-0  81512-4 0  9996
2 43138  97.5335 238.9270 0011096  76.9615 283.2860 15.22958183 24936
1 43138U 18004AD  18176.23291611 +.00001911 +00000-0 +84347-4 0  9992
2 43138 097.5335 238.9929 0011094 076.7657 283.4816 15.22958683024948
1 43138U 18004AD  18176.82424802 +.00001924 +00000-0 +84916-4 0  9993
2 43138 097.5334 239.5860 0011082 074.9889 285.2573 15.22961044025038
1 43138U 18004AD  18177.41557877  .00002604  00000-0  11379-3 0  9996
2 43138  97.5335 240.1792 0011071  73.4510 286.7941 15.22965757 25124
1 43138U 18004AD  18177.61268882 +.00002415 +00000-0 +10575-3 0  9990
2 43138 097.5335 240.3769 0011068 072.8831 287.3617 15.22966120025150
1 43138U 18004AD  18177.87550190 +.00002436 +00000-0 +10667-3 0  9999
2 43138 097.5334 240.6405 0011058 072.0644 288.1797 15.22967364025195
1 43138U 18004AD  18178.13831464 +.00002421 +00000-0 +10600-3 0  9996
2 43138 097.5334 240.9042 0011043 071.2610 288.9824 15.22968666025233
1 43138U 18004AD  18178.72964260  .00002445  00000-0  10702-3 0  9991
2 43138  97.5333 241.4973 0011023  69.5034 290.7384 15.22971561 25329
1 43138U 18004AD  18179.12386058 +.00002406 +00000-0 +10537-3 0  9992
2 43138 097.5332 241.8928 0010999 068.3206 291.9200 15.22973313025384
1 43138U 18004AD  18179.91229569 +.00001855 +00000-0 +81943-4 0  9999
2 43138 097.5330 242.6837 0010956 065.9612 294.2769 15.22975046025502
1 43138U 18004AD  18180.17510695  .00001809  00000-0  79968-4 0  9995
2 43138  97.5330 242.9473 0010939  65.1679 295.0693 15.22976124 25544
1 43138U 18004AD  18180.24080989 +.00001713 +00000-0 +75919-4 0  9997
2 43138 097.5330 243.0132 0010935 064.9831 295.2540 15.22976025025555
1 43138U 18004AD  18180.89783744 +.00001591 +00000-0 +70722-4 0  9998
2 43138 097.5328 243.6723 0010896 062.9831 297.2517 15.22978311025655
1 43138U 18004AD  18181.42345984  .00001604  00000-0  71273-4 0  9995
2 43138  97.5331 244.1995 0010866  61.1769 299.0557 15.22978986 25735
1 43138U 18004AD  18181.62056778 +.00001572 +00000-0 +69906-4 0  9991
2 43138 097.5332 244.3972 0010853 060.5374 299.6944 15.22979568025760
1 43138U 18004AD  18181.88337822 +.00001557 +00000-0 +69273-4 0  9991
2 43138 097.5331 244.6609 0010837 059.7145 300.5162 15.22980481025802
1 43138U 18004AD  18182.47470153  .00001444  00000-0  64455-4 0  9994
2 43138  97.5330 245.2539 0010802  57.9234 302.3050 15.22981987 25898
1 43138U 18004AD  18182.86891662 +.00001393 +00000-0 +62281-4 0  9997
2 43138 097.5330 245.6494 0010778 056.7553 303.4715 15.22983061025957
1 43138U 18004AD  18183.39453672 +.00001260 +00000-0 +56645-4 0  9991
2 43138 097.5329 246.1766 0010742 055.1736 305.0509 15.22983949026034
1 43138U 18004AD  18183.72304899  .00001189  00000-0  53596-4 0  9996
2 43138  97.5329 246.5062 0010719  54.1430 306.0800 15.22984575 26087
1 43138U 18004AD  18184.11726350 +.00001062 +00000-0 +48238-4 0  9997
2 43138 097.5329 246.9016 0010686 052.9445 307.2767 15.22985020026143
1 43138U 18004AD  18184.83998976  .00000967  00000-0  44179-4 0  9994
2 43138  97.5328 247.6265 0010635  50.7429 309.4749 15.22986333 26252
1 43138U 18004AD  18185.23420368 +.00000979 +00000-0 +44670-4 0  9993
2 43138 097.5328 248.0220 0010605 049.5291 310.6868 15.22987361026313
1 43138U 18004AD  18185.75982216 +.00000933 +00000-0 +42715-4 0  9993
2 43138 097.5327 248.5492 0010571 047.9130 312.3004 15.22988248026398
1 43138U 18004AD  18186.15403559  .00000930  00000-0  42606-4 0  9992
2 43138  97.5327 248.9446 0010543  46.6613 313.5500 15.22989115 26457
1 43138U 18004AD  18186.21973787 +.00000960 +00000-0 +43896-4 0  9999
2 43138 097.5327 249.0105 0010536 046.4787 313.7323 15.22989393026467
1 43138U 18004AD  18186.74535572 +.00000918 +00000-0 +42107-4 0  9990
2 43138 097.5327 249.5377 0010500 044.8587 315.3497 15.22990202026544
1 43138U 18004AD  18187.13956826 +.00001025 +00000-0 +46645-4 0  9994
2 43138 097.5326 249.9330 0010468 043.6058 316.6003 15.22991728026607
1 43138U 18004AD  18187.73088722  .00001003  00000-0  45721-4 0  9991
2 43138  97.5326 250.5262 0010421  41.7784 318.4246 15.22992880 26691
1 43138U 18004AD  18188.12509937 +.00001063 +00000-0 +48265-4 0  9993
2 43138 097.5325 250.9216 0010387 040.5061 319.6947 15.22994108026752
1 43138U 18004AD  18188.71641729 +.00001130 +00000-0 +51082-4 0  9990
2 43138 097.5325 251.5147 0010338 038.6729 321.5246 15.22995810026842
1 43138U 18004AD  18189.17633056  .00001165  00000-0  52572-4 0  9998
2 43138  97.5325 251.9760 0010299  37.1812 323.0136 15.22997158 26910
1 43138U 18004AD  18189.89905104 +.00001253 +00000-0 +56339-4 0  9996
2 43138 097.5324 252.7008 0010244 034.8583 325.3322 15.22999337027028
1 43138U 18004AD  18190.22756001  .00001266  00000-0  56881-4 0  9991
2 43138  97.5325 253.0304 0010213  33.7774 326.4111 15.23000228 27074
1 43138U 18004AD  18190.75317414 +.00001218 +00000-0 +54845-4 0  9995
2 43138 097.5325 253.5577 0010167 032.0823 328.1031 15.23001211027158
1 43138U 18004AD  18191.47589252  .00001292  00000-0  57960-4 0  9999
2 43138  97.5325 254.2826 0010090  29.7675 330.4133 15.23003424 27265
1 43138U 18004AD  18191.60729569 +.00001269 +00000-0 +56995-4 0  9992
2 43138 097.5325 254.4144 0010077 029.3498 330.8302 15.23003685027287
1 43138U 18004AD  18191.87010200 +.00001281 +00000-0 +57494-4 0  9995
2 43138 097.5324 254.6781 0010053 028.4704 331.7080 15.23004435027321
1 43138U 18004AD  18192.13290820 +.00001276 +00000-0 +57298-4 0  9999
2 43138 097.5324 254.9417 0010026 027.6081 332.5686 15.23005135027362
1 43138U 18004AD  18192.59281903  .00001196  00000-0  53903-4 0  9991
2 43138  97.5324 255.4030 0009980  26.1330 334.0408 15.23005897 27439
1 43138U 18004AD  18193.44693777 +.00001227 +00000-0 +55187-4 0  9993
2 43138 097.5324 256.2597 0009894 023.3041 336.8642 15.23008367027567
1 43138U 18004AD  18193.64404167  .00001268  00000-0  56934-4 0  9994
2 43138  97.5324 256.4575 0009874  22.6501 337.5169 15.23009216 27595
1 43138U 18004AD  18194.36675616 +.00001267 +00000-0 +56923-4 0  9990
2 43138 097.5324 257.1824 0009803 020.2567 339.9057 15.23011187027703
1 43138U 18004AD  18194.82666477  .00001298  00000-0  58229-4 0  9991
2 43138  97.5323 257.6437 0009757  18.7423 341.4171 15.23012633 27777
1 43138U 18004AD  18195.41797549 +.00001293 +00000-0 +57994-4 0  9995
2 43138 097.5323 258.2368 0009694 016.7936 343.3619 15.23014187027868
1 43138U 18004AD  18195.74648112 +.00001299 +00000-0 +58255-4 0  9999
2 43138 097.5323 258.5663 0009663 015.7025 344.4510 15.23015122027911
1 43138U 18004AD  18196.14068759  .00001273  00000-0  57163-4 0  9996
2 43138  97.5322 258.9617 0009625  14.3562 345.7946 15.23016078 27976
1 43138U 18004AD  18196.60059487 +.00001310 +00000-0 +58708-4 0  9993
2 43138 097.5322 259.4231 0009575 012.8372 347.3106 15.23017540028040
1 43138U 18004AD  18196.73199670 +.00001329 +00000-0 +59530-4 0  9990
2 43138 097.5322 259.5548 0009562 012.3933 347.7537 15.23018057028064
1 43138U 18004AD  18197.12620228 +.00001349 +00000-0 +60379-4 0  9997
2 43138 097.5321 259.9503 0009522 011.0197 349.1247 15.23019333028121
1 43138U 18004AD  18197.71751016  .00001369  00000-0  61206-4 0  9994
2 43138  97.5321 260.5434 0009462   9.0097 351.1308 15.23021212 28211
1 43138U 18004AD  18197.91461257 +.00001356 +00000-0 +60670-4 0  9991
2 43138 097.5321 260.7411 0009442 008.3208 351.8183 15.23021739028247
1 43138U 18004AD  18198.37451770 +.00001450 +00000-0 +64650-4 0  9998
2 43138 097.5321 261.2024 0009395 006.7103 353.4257 15.23023743028311
1 43138U 18004AD  18198.83442309 +.00001276 +00000-0 +57283-4 0  9997
2 43138 097.5320 261.6637 0009352 005.0875 355.0455 15.23024095028381
1 43138U 18004AD  18199.16292634  .00001263  00000-0  56711-4 0  9999
2 43138  97.5320 261.9933 0009309   3.8983 356.2324 15.23025040 28436
1 43138U 18004AD  18199.22862687 +.00001375 +00000-0 +61472-4 0  9991
2 43138 097.5320 262.0591 0009301 003.6710 356.4593 15.23025862028449
1 43138U 18004AD  18199.88563307 +.00001318 +00000-0 +59032-4 0  9996
2 43138 097.5319 262.7181 0009228 001.4068 358.7193 15.23027409028540
1 43138U 18004AD  18200.41123776  .00001307  00000-0  58598-4 0  9994
2 43138  97.5319 263.2453 0009171 359.5702   0.5525 15.23028757 28624
1 43138U 18004AD  18200.73973996 +.00001291 +00000-0 +57883-4 0  9994
2 43138 097.5319 263.5748 0009130 358.3918 001.7287 15.23029691028676
1 43138U 18004AD  18201.13394238 +.00001338 +00000-0 +59886-4 0  9992
2 43138 097.5318 263.9702 0009091 356.9525 003.1654 15.23031143028739
1 43138U 18004AD  18201.72524596  .00001327  00000-0  59440-4 0  9993
2 43138  97.5318 264.5632 0009024 354.8422   5.2720 15.23032760 28820
1 43138U 18004AD  18202.11944752 +.00001363 +00000-0 +60935-4 0  9998
2 43138 097.5318 264.9586 0008986 353.3731 006.7385 15.23034209028884
1 43138U 18004AD  18202.71074976 +.00001379 +00000-0 +61640-4 0  9997
2 43138 097.5318 265.5517 0008922 351.2444 008.8635 15.23036057028977
1 43138U 18004AD  18203.17065082  .00001382  00000-0  61765-4 0  9998
2 43138  97.5317 266.0130 0008881 349.5581  10.5470 15.23037513 29043
1 43138U 18004AD  18203.23635106 +.00001398 +00000-0 +62452-4 0  9996
2 43138 097.5317 266.0789 0008872 349.3148 010.7898 15.23037751029051
1 43138U 18004AD  18203.76195221 +.00001419 +00000-0 +63317-4 0  9998
2 43138 097.5317 266.6060 0008821 347.4193 012.6821 15.23039308029138
1 43138U 18004AD  18204.81315284 +.00001454 +00000-0 +64804-4 0  9999
2 43138 097.5317 267.6604 0008717 343.5156 016.5795 15.23042388029295
1 43138U 18004AD  18205.60155189 +.00001450 +00000-0 +64611-4 0  9995
2 43138 097.5317 268.4511 0008631 340.5623 019.5283 15.23044590029418
1 43138U 18004AD  18205.60155189 +.00001450 +00000-0 +64611-4 0  9995
2 43138 097.5317 268.4511 0008631 340.5623 019.5283 15.23044590029418
1 43138U 18004AD  18206.71844880 +.00001348 +00000-0 +60317-4 0  9996
2 43138 097.5316 269.5713 0008522 336.3304 023.7539 15.23047172029589
1 43138U 18004AD  18207.63824516 +.00001131 +00000-0 +51087-4 0  9996
2 43138 097.5316 270.4939 0008440 332.7903 027.2890 15.23048429029725
1 43138U 18004AD  18208.75513894 +.00001021 +00000-0 +46400-4 0  9995
2 43138 097.5315 271.6141 0008344 328.4869 031.5867 15.23050616029899
1 43138U 18004AD  18209.14933635  .00000984  00000-0  44843-4 0  9994
2 43138  97.5314 272.0094 0008312 326.9389  33.1326 15.23051351 29957
1 43138U 18004AD  18209.74063213 +.00000957 +00000-0 +43682-4 0  9996
2 43138 097.5314 272.6025 0008257 324.6221 035.4467 15.23052550030040
1 43138U 18004AD  18210.72612400 +.00000979 +00000-0 +44620-4 0  9991
2 43138 097.5312 273.5909 0008177 320.7193 039.3449 15.23054879030190
1 43138U 18004AD  18211.64591508 +.00001029 +00000-0 +46752-4 0  9993
2 43138 097.5311 274.5133 0008111 317.0266 043.0336 15.23057244030339
1 43138U 18004AD  18211.97441170  .00000990  00000-0  45079-4 0  9995
2 43138  97.5310 274.8428 0008089 315.6850  44.3738 15.23057725 30384
1 43138U 18004AD  18212.76280266 +.00001023 +00000-0 +46508-4 0  9996
2 43138 097.5309 275.6334 0008035 312.4987 047.5570 15.23059679030507
1 43138U 18004AD  18213.15699785  .00001030  00000-0  46784-4 0  9994
2 43138  97.5309 276.0288 0008015 310.9028  49.1513 15.23060577 30567
1 43138U 18004AD  18213.74829053 +.00000978 +00000-0 +44586-4 0  9990
2 43138 097.5308 276.6218 0007973 308.4148 051.6372 15.23061470030656
1 43138U 18004AD  18214.20818385  .00001148  00000-0  51774-4 0  9995
2 43138  97.5308 277.0830 0007948 306.5017  53.5487 15.23063512 30722
1 43138U 18004AD  18214.73377657 +.00001077 +00000-0 +48766-4 0  9993
2 43138 097.5308 277.6101 0007909 304.3242 055.7245 15.23064235030800
1 43138U 18004AD  18215.71926146  .00001148  00000-0  51770-4 0  9993
2 43138  97.5307 278.5984 0007861 300.2108  59.8349 15.23066856 30958
1 43138U 18004AD  18216.24485274 +.00001146 +00000-0 +51691-4 0  9994
2 43138 097.5306 279.1255 0007843 298.0015 062.0427 15.23068094031035
1 43138U 18004AD  18216.63904584 +.00001155 +00000-0 +52069-4 0  9997
2 43138 097.5306 279.5209 0007821 296.3524 063.6909 15.23069117031095
1 43138U 18004AD  18217.16463629  .00001141  00000-0  51470-4 0  9996
2 43138  97.5306 280.0480 0007806 294.1881  65.8539 15.23070324 31172
1 43138U 18004AD  18217.42743173 +.00001133 +00000-0 +51163-4 0  9990
2 43138 097.5306 280.3115 0007790 293.0574 066.9840 15.23070780031217
1 43138U 18004AD  18217.75592566 +.00001106 +00000-0 +49979-4 0  9996
2 43138 097.5305 280.6409 0007780 291.7172 068.3235 15.23071351031267
1 43138U 18004AD  18218.21581692  .00001096  00000-0  49553-4 0  9992
2 43138  97.5305 281.1022 0007768 289.7549  70.2849 15.23072283 31331
1 43138U 18004AD  18218.74140641 +.00001107 +00000-0 +50048-4 0  9999
2 43138 097.5305 281.6293 0007750 287.5149 072.5240 15.23073526031419
1 43138U 18004AD  18219.59548861  .00001035  00000-0  47001-4 0  9994
2 43138  97.5304 282.4858 0007728 283.8322  76.2054 15.23075057 31540
1 43138U 18004AD  18220.64666530  .00001054  00000-0  47766-4 0  9995
2 43138  97.5303 283.5400 0007712 279.3453  80.6911 15.23077516 31703
1 43138U 18004AD  18221.76353881  .00001077  00000-0  48742-4 0  9991
2 43138  97.5302 284.6600 0007704 274.6324  85.4032 15.23080114 31875
1 43138U 18004AD  18222.94610898 +.00001051 +00000-0 +47653-4 0  9998
2 43138 097.5301 285.8458 0007702 269.5243 090.5111 15.23082504032050
1 43138U 18004AD  18223.20890199 +.00001118 +00000-0 +50478-4 0  9995
2 43138 097.5300 286.1094 0007706 268.4200 091.6154 15.23083477032097
1 43138U 18004AD  18223.73448778 +.00001111 +00000-0 +50204-4 0  9995
2 43138 097.5300 286.6364 0007716 266.1593 093.8761 15.23084643032176
1 43138U 18004AD  18224.12867678 +.00001126 +00000-0 +50833-4 0  9997
2 43138 097.5300 287.0317 0007726 264.4153 095.6203 15.23085649032238
1 43138U 18004AD  18224.71996005 +.00001151 +00000-0 +51881-4 0  9991
2 43138 097.5299 287.6247 0007735 261.8590 098.1769 15.23087153032326
1 43138U 18004AD  18225.70543072 +.00001110 +00000-0 +50139-4 0  9993
2 43138 097.5298 288.6128 0007759 257.6553 102.3815 15.23089345032473
1 43138U 18004AD  18226.75659828 +.00001096 +00000-0 +49536-4 0  9998
2 43138 097.5298 289.6669 0007794 253.3085 106.7296 15.23091649032635
1 43138U 18004AD  18227.74206627  .00001159  00000-0  52226-4 0  9993
2 43138  97.5297 290.6551 0007825 249.2144 110.8254 15.23094262 32781
1 43138U 18004AD  18228.72753165 +.00001302 +00000-0 +58261-4 0  9991
2 43138 097.5295 291.6433 0007867 245.1144 114.9275 15.23097719032935
1 43138U 18004AD  18229.12171739  .00001306  00000-0  58436-4 0  9995
2 43138  97.5295 292.0386 0007890 243.4923 116.5504 15.23098826 32998
1 43138U 18004AD  18229.84439074 +.00001272 +00000-0 +57003-4 0  9994
2 43138 097.5294 292.7633 0007931 240.4677 119.5769 15.23100596033106
1 43138U 18004AD  18230.17287827  .00001245  00000-0  55860-4 0  9998
2 43138  97.5293 293.0927 0007959 239.1896 120.8557 15.23101379 33158
1 43138U 18004AD  18230.76415494 +.00001397 +00000-0 +62265-4 0  9991
2 43138 097.5293 293.6856 0007985 236.7782 123.2690 15.23103942033244
1 43138U 18004AD  18231.42112875  .00001457  00000-0  64827-4 0  9995
2 43138  97.5293 294.3443 0008030 234.0585 125.9907 15.23106069 33342
1 43138U 18004AD  18231.94670717 +.00001401 +00000-0 +62449-4 0  9993
2 43138 097.5292 294.8713 0008067 231.9087 128.1422 15.23107255033423
1 43138U 18004AD  18232.60367884 +.00001522 +00000-0 +67555-4 0  9992
2 43138 097.5292 295.5300 0008118 229.1994 130.8539 15.23110027033527
1 43138U 18004AD  18232.73507312  .00001515  00000-0  67273-4 0  9997
2 43138  97.5292 295.6618 0008126 228.6681 131.3857 15.23110398 33548
1 43138U 18004AD  18232.86646740 +.00001502 +00000-0 +66734-4 0  9997
2 43138 097.5292 295.7935 0008139 228.1335 131.9207 15.23110718033569
1 43138U 18004AD  18233.06355868 +.00001493 +00000-0 +66321-4 0  9999
2 43138 097.5291 295.9911 0008157 227.3359 132.7191 15.23111301033594
1 43138U 18004AD  18234.64028722  .00001288  00000-0  57620-4 0  9994
2 43138  97.5290 297.5721 0008282 220.9924 139.0690 15.23115018 33836
1 43138U 18004AD  18235.42865009 +.00001224 +00000-0 +54903-4 0  9999
2 43138 097.5290 298.3625 0008342 217.8993 142.1657 15.23116857033959
1 43138U 18004AD  18235.62574062 +.00001210 +00000-0 +54345-4 0  9992
2 43138 097.5290 298.5601 0008358 217.1117 142.9543 15.23117345033981
1 43138U 18004AD  18236.15131514  .00001173  00000-0  52771-4 0  9991
2 43138  97.5289 299.0871 0008398 215.0776 144.9908 15.23118527 34066
1 43138U 18004AD  18236.80828262 +.00001267 +00000-0 +56726-4 0  9994
2 43138 097.5288 299.7459 0008448 212.5575 147.5142 15.23120733034161
1 43138U 18004AD  18237.13676600 +.00001265 +00000-0 +56649-4 0  9990
2 43138 097.5287 300.0752 0008482 211.2860 148.7873 15.23121612034210
1 43138U 18004AD  18237.72803623  .00001184  00000-0  53201-4 0  9993
2 43138  97.5287 300.6681 0008539 208.9782 151.0981 15.23122585 34303
1 43138U 18004AD  18238.38500173 +.00001267 +00000-0 +56708-4 0  9997
2 43138 097.5286 301.3268 0008599 206.5067 153.5731 15.23124803034403
1 43138U 18004AD  18238.84487186  .00002162  00000-0  94623-4 0  9999
2 43138  97.5285 301.7879 0008629 204.8965 155.1856 15.23132578 34477
1 43138U 18004AD  18239.23905133 +.00002483 +00000-0 +10819-3 0  9990
2 43138 097.5284 302.1833 0008700 203.1974 156.8871 15.23133204034532
1 43138U 18004AD  18239.76461975 +.00002951 +00000-0 +12799-3 0  9998
2 43138 097.5282 302.7103 0008742 201.2454 158.8420 15.23137629034610
1 43138U 18004AD  18240.15879512  .00002344  00000-0  10228-3 0  9994
2 43138  97.5281 303.1055 0008793 199.7993 160.2904 15.23138343 34679
1 43138U 18004AD  18240.81575260 +.00002768 +00000-0 +12019-3 0  9990
2 43138 097.5278 303.7640 0008858 197.4032 162.6902 15.23144034034771
1 43138U 18004AD  18241.40701319  .00002422  00000-0  10557-3 0  9994
2 43138  97.5278 304.3569 0008921 195.2766 164.8202 15.23146783 34869
1 43138U 18004AD  18241.86688293 +.00001693 +00000-0 +74729-4 0  9990
2 43138 097.5276 304.8179 0008973 193.5903 166.5094 15.23146595034937
1 43138U 18004AD  18242.12966502 +.00001607 +00000-0 +71060-4 0  9992
2 43138 097.5275 305.0814 0009001 192.6491 167.4521 15.23147634034974
1 43138U 18004AD  18242.72092453  .00001340  00000-0  59766-4 0  9996
2 43138  97.5274 305.6741 0009067 190.5178 169.5870 15.23149098 35066
1 43138U 18004AD  18242.91801089 +.00001326 +00000-0 +59167-4 0  9999
2 43138 097.5273 305.8717 0009087 189.8398 170.2662 15.23149632035092
1 43138U 18004AD  18243.83774782  .00001460  00000-0  64829-4 0  9990
2 43138  97.5277 306.7936 0009150 186.8369 173.2744 15.23151236 35238
1 43138U 18004AD  18243.90344199 +.00001231 +00000-0 +55144-4 0  9999
2 43138 097.5272 306.8597 0009192 186.4317 173.6803 15.23152198035241
1 43138U 18004AD  18244.88887218 +.00001271 +00000-0 +56826-4 0  9993
2 43138 097.5276 307.8475 0009252 183.1218 176.9962 15.23154321035390
1 43138U 18004AD  18245.15165298  .00001243  00000-0  55660-4 0  9995
2 43138  97.5276 308.1109 0009279 182.2056 177.9142 15.23155085 35431
1 43138U 18004AD  18245.74290977 +.00001201 +00000-0 +53867-4 0  9994
2 43138 097.5275 308.7037 0009349 180.1097 180.0139 15.23156564035520
1 43138U 18004AD  18246.46555626  .00001200  00000-0  53833-4 0  9991
2 43138  97.5274 309.4282 0009428 177.6110 182.5173 15.23158465 35633
1 43138U 18004AD  18246.92542191 +.00001174 +00000-0 +52718-4 0  9996
2 43138 097.5274 309.8892 0009475 176.0664 184.0649 15.23159441035701
1 43138U 18004AD  18247.71376200  .00001186  00000-0  53229-4 0  9991
2 43138  97.5273 310.6796 0009553 173.4022 186.7342 15.23161523 35825
1 43138U 18004AD  18247.91084713 +.00001140 +00000-0 +51300-4 0  9996
2 43138 097.5273 310.8771 0009573 172.7373 187.4004 15.23161667035858
1 43138U 18004AD  18248.76488028  .00001297  00000-0  57934-4 0  9999
2 43138  97.5272 311.7333 0009656 169.8571 190.2862 15.23164804 35984
1 43138U 18004AD  18249.15904906 +.00001309 +00000-0 +58415-4 0  9990
2 43138 097.5271 312.1284 0009695 168.5452 191.6007 15.23165907036049
1 43138U 18004AD  18249.94738627 +.00001246 +00000-0 +55740-4 0  9990
2 43138 097.5270 312.9187 0009775 165.8770 194.2742 15.23167489036165
1 43138U 18004AD  18250.21016488  .00001252  00000-0  55998-4 0  9998
2 43138  97.5270 313.1821 0009797 165.0370 195.1158 15.23168271 36201
1 43138U 18004AD  18250.73572195 +.00001260 +00000-0 +56355-4 0  9994
2 43138 097.5270 313.7089 0009852 163.2610 196.8954 15.23169725036287
1 43138U 18004AD  18251.39266786  .00001186  00000-0  53208-4 0  9994
2 43138  97.5269 314.3675 0009927 161.1287 199.0319 15.23171017 36381
1 43138U 18004AD  18251.72114066 +.00001135 +00000-0 +51032-4 0  9991
2 43138 097.5269 314.6967 0009953 160.0892 200.0734 15.23171582036434
1 43138U 18004AD  18252.70655755  .00001064  00000-0  48061-4 0  9994
2 43138  97.5268 315.6846 0010037 156.9027 203.2663 15.23173808 36584
1 43138U 18004AD  18252.90364065 +.00001065 +00000-0 +48102-4 0  9994
2 43138 097.5268 315.8822 0010047 156.2690 203.9011 15.23174332036611
1 43138U 18004AD  18253.75766703  .00001021  00000-0  46240-4 0  9996
2 43138  97.5266 316.7383 0010127 153.5103 206.6653 15.23176295 36745
1 43138U 18004AD  18254.80877208  .00001455  00000-0  64559-4 0  9990
2 43138  97.5265 317.7920 0010210 150.1260 210.0561 15.23182085 36901
1 43138U 18004AD  18255.13724225 +.00001457 +00000-0 +64645-4 0  9995
2 43138 097.5264 318.1212 0010238 149.1016 211.0825 15.23183106036950
1 43138U 18004AD  18255.72848771 +.00001530 +00000-0 +67697-4 0  9995
2 43138 097.5263 318.7139 0010296 147.2383 212.9494 15.23185427037044
1 43138U 18004AD  18256.12265079  .00001570  00000-0  69417-4 0  9990
2 43138  97.5262 319.1090 0010325 146.0130 214.1770 15.23186999 37107
1 43138U 18004AD  18256.91097575 +.00001750 +00000-0 +76997-4 0  9992
2 43138 097.5260 319.8992 0010379 143.5018 216.6928 15.23190778037224
1 43138U 18004AD  18257.17374959  .00002018  00000-0  88318-4 0  9993
2 43138  97.5260 320.1625 0010390 142.6659 217.5302 15.23193446 37261
1 43138U 18004AD  18257.37083034 +.00002004 +00000-0 +87720-4 0  9997
2 43138 097.5259 320.3600 0010407 142.0450 218.1521 15.23194130037290
1 43138U 18004AD  18257.83068616 +.00001744 +00000-0 +76748-4 0  9995
2 43138 097.5258 320.8209 0010447 140.6249 219.5749 15.23194166037367
1 43138U 18004AD  18258.35623353  .00001966  00000-0  86094-4 0  9999
2 43138  97.5258 321.3477 0010484 138.9678 221.2349 15.23197497 37442
1 43138U 18004AD  18258.81608761 +.00001809 +00000-0 +79469-4 0  9990
2 43138 097.5254 321.8088 0010561 137.5483 222.6572 15.23198910037518
1 43138U 18004AD  18259.47302073  .00001803  00000-0  79219-4 0  9997
2 43138  97.5257 322.4671 0010565 135.5018 224.7069 15.23200849 37612
1 43138U 18004AD  18259.60440732 +.00001748 +00000-0 +76881-4 0  9997
2 43138 097.5256 322.5988 0010576 135.0973 225.1121 15.23201047037637
1 43138U 18004AD  18259.86718032 +.00001660 +00000-0 +73178-4 0  9995
2 43138 097.5256 322.8622 0010596 134.3295 225.8812 15.23201518037677
1 43138U 18004AD  18260.39272569 +.00001635 +00000-0 +72101-4 0  9992
2 43138 097.5256 323.3890 0010628 132.7326 227.4807 15.23203348037757
1 43138U 18004AD  18260.85257710  .00001624  00000-0  71630-4 0  9998
2 43138  97.5255 323.8499 0010654 131.3280 228.8875 15.23205082 37824
1 43138U 18004AD  18260.91827015 +.00001617 +00000-0 +71359-4 0  9996
2 43138 097.5255 323.9158 0010658 131.1310 229.0849 15.23205287037835
1 43138U 18004AD  18261.70658625 +.00001389 +00000-0 +61692-4 0  9998
2 43138 097.5254 324.7059 0010711 128.7371 231.4824 15.23206826037955
1 43138U 18004AD  18262.16643686  .00001323  00000-0  58925-4 0  9993
2 43138  97.5254 325.1668 0010733 127.3210 232.9006 15.23207968 38022
1 43138U 18004AD  18262.36351542 +.00001449 +00000-0 +64251-4 0  9990
2 43138 097.5254 325.3643 0010744 126.7011 233.5214 15.23209296038058
1 43138U 18004AD  18262.82336558 +.00001349 +00000-0 +60027-4 0  9997
2 43138 097.5254 325.8252 0010769 125.2691 234.9554 15.23210136038129
1 43138U 18004AD  18263.21752252  .00001365  00000-0  60671-4 0  9997
2 43138  97.5254 326.2203 0010793 124.0998 236.1264 15.23211368 38180
1 43138U 18004AD  18263.74306466 +.00001358 +00000-0 +60387-4 0  9993
2 43138 097.5253 326.7470 0010815 122.4732 237.7551 15.23212836038269
1 43138U 18004AD  18264.72845496 +.00001355 +00000-0 +60264-4 0  9994
2 43138 097.5253 327.7347 0010851 119.5039 240.7281 15.23215531038416
1 43138U 18004AD  18265.38537950 +.00001433 +00000-0 +63558-4 0  9996
2 43138 097.5252 328.3931 0010879 117.5505 242.6838 15.23218167038515
1 43138U 18004AD  18265.84522738 +.00001284 +00000-0 +57263-4 0  9995
2 43138 097.5251 328.8540 0010896 116.1708 244.0650 15.23218536038589
1 43138U 18004AD  18266.23938049 +.00001955 +00000-0 +85567-4 0  9998
2 43138 097.5250 329.2490 0010901 114.9574 245.2796 15.23223723038646
1 43138U 18004AD  18266.76491904 +.00001882 +00000-0 +82474-4 0  9993
2 43138 097.5249 329.7756 0010928 113.3942 246.8445 15.23224948038722
1 43138U 18004AD  18267.42184086 +.00001830 +00000-0 +80256-4 0  9996
2 43138 097.5248 330.4340 0010947 111.4331 248.8074 15.23226877038825
1 43138U 18004AD  18267.88168615 +.00001820 +00000-0 +79861-4 0  9995
2 43138 097.5247 330.8948 0010959 110.0374 250.2043 15.23228184038890
1 43138U 18004AD  18268.86706642 +.00001702 +00000-0 +74872-4 0  9998
2 43138 097.5245 331.8824 0010990 107.1330 253.1111 15.23230860039046
1 43138U 18004AD  18269.12983394 +.00001718 +00000-0 +75518-4 0  9994
2 43138 097.5244 332.1457 0010994 106.3815 253.8631 15.23231887039082
1 43138U 18004AD  18269.72106072  .00001622  00000-0  71471-4 0  9998
2 43138  97.5243 332.7383 0011005 104.6222 255.6236 15.23233458 39179
1 43138U 18004AD  18270.70643619 +.00001572 +00000-0 +69377-4 0  9997
2 43138 097.5241 333.7258 0011019 101.6973 258.5500 15.23236857039323
1 43138U 18004AD  18271.16627742  .00001494  00000-0  66098-4 0  9997
2 43138  97.5240 334.1866 0011024 100.3234 259.9246 15.23238101 39397
1 43138U 18004AD  18271.75750104 +.00001471 +00000-0 +65102-4 0  9991
2 43138 097.5240 334.7791 0011033 098.5383 261.7104 15.23240134039486
1 43138U 18004AD  18272.21734147  .00001421  00000-0  62974-4 0  9991
2 43138  97.5239 335.2400 0011034  97.1692 263.0799 15.23241363 39554
1 43138U 18004AD  18272.87425515 +.00001434 +00000-0 +63547-4 0  9990
2 43138 097.5238 335.8982 0011036 095.2031 265.0466 15.23243627039651
1 43138U 18004AD  18273.85962433  .00001438  00000-0  63691-4 0  9998
2 43138  97.5237 336.8858 0011034  92.2726 267.9774 15.23246773 39804
1 43138U 18004AD  18274.12238902 +.00001444 +00000-0 +63948-4 0  9998
2 43138 097.5236 337.1491 0011027 091.5214 268.7285 15.23247657039848
1 43138U 18004AD  18274.91068212 +.00001491 +00000-0 +65906-4 0  9998
2 43138 097.5235 337.9390 0011016 089.1223 271.1276 15.23250466039967
1 43138U 18004AD  18275.17344621  .00001475  00000-0  65266-4 0  9999
2 43138  97.5235 338.2024 0011012  88.3563 271.8935 15.23251252 40009
1 43138U 18004AD  18275.83035623 +.00001499 +00000-0 +66265-4 0  9997
2 43138 097.5234 338.8606 0011015 086.3874 273.8622 15.23253316040105
1 43138U 18004AD  18276.35588377  .00001428  00000-0  63258-4 0  9995
2 43138  97.5233 339.3871 0011003  84.8601 275.3891 15.23254426 40188
1 43138U 18004AD  18277.60400893  .00001394  00000-0  61804-4 0  9997
2 43138  97.5232 340.6377 0010991  81.2016 279.0465 15.23257958 40371
1 43138U 18004AD  18277.73539033 +.00001394 +00000-0 +61817-4 0  9994
2 43138 097.5232 340.7694 0010989 080.7928 279.4551 15.23258352040398
1 43138U 18004AD  18278.65505886  .00001491  00000-0  65897-4 0  9995
2 43138  97.5231 341.6910 0010961  78.0342 282.2122 15.23261748 40533
1 43138U 18004AD  18278.91782128 +.00001436 +00000-0 +63588-4 0  9994
2 43138 097.5230 341.9543 0010953 077.2399 283.0061 15.23262165040570
1 43138U 18004AD  18279.83748813  .00001571  00000-0  69251-4 0  9992
2 43138  97.5229 342.8757 0010926  74.4455 285.7987 15.23265573 40715
1 43138U 18004AD  18280.82284346 +.00001705 +00000-0 +74893-4 0  9996
2 43138 097.5229 343.8631 0010888 071.4858 288.7561 15.23269147040866
1 43138U 18004AD  18280.95422278  .00001908  00000-0  83457-4 0  9999
2 43138  97.5228 343.9948 0010879  71.0430 289.1984 15.23271015 40882
1 43138U 18004AD  18281.74250357 +.00002117 +00000-0 +92259-4 0  9997
2 43138 097.5228 344.7847 0010832 068.6588 291.5804 15.23275036041004
1 43138U 18004AD  18282.13664307  .00002169  00000-0  94441-4 0  9997
2 43138  97.5228 345.1796 0010810  67.4360 292.8020 15.23276901 41065
1 43138U 18004AD  18282.72785281 +.00002060 +00000-0 +89866-4 0  9992
2 43138 097.5225 345.7718 0010784 065.6502 294.5859 15.23278369041159
1 43138U 18004AD  18283.18768075  .00002129  00000-0  92763-4 0  9991
2 43138  97.5224 346.2326 0010750  64.2546 295.9799 15.23280748 41225
1 43138U 18004AD  18283.38475110 +.00002542 +00000-0 +11015-3 0  9997
2 43138 097.5224 346.4304 0010761 063.8707 296.3635 15.23282203041254
1 43138U 18004AD  18283.64751002 +.00002171 +00000-0 +94517-4 0  9990
2 43138 097.5223 346.6937 0010743 063.0862 297.1471 15.23282256041290
1 43138U 18004AD  18284.43578363  .00002423  00000-0  10512-3 0  9997
2 43138  97.5221 347.4835 0010687  60.6950 299.5353 15.23287368 41410
1 43138U 18004AD  18284.56716256 +.00002248 +00000-0 +97751-4 0  9992
2 43138 097.5220 347.6151 0010678 060.3665 299.8634 15.23287517041435
1 43138U 18004AD  18284.76423071 +.00002163 +00000-0 +94159-4 0  9999
2 43138 097.5219 347.8126 0010666 059.7463 300.4828 15.23288274041460
1 43138U 18004AD  18285.55250222 +.00001895 +00000-0 +82879-4 0  9990
2 43138 097.5218 348.6023 0010623 057.3922 302.8339 15.23291316041588
1 43138U 18004AD  18285.81525908  .00001837  00000-0  80442-4 0  9995
2 43138  97.5217 348.8656 0010613  56.5533 303.6716 15.23292291 41625
1 43138U 18004AD  18285.88094819 +.00001874 +00000-0 +81999-4 0  9993
2 43138 097.5216 348.9314 0010610 056.3454 303.8793 15.23292715041632
1 43138U 18004AD  18286.34077208 +.00001797 +00000-0 +78745-4 0  9997
2 43138 097.5216 349.3921 0010581 054.9621 305.2607 15.23294494041702
1 43138U 18004AD  18286.73490643 +.00001772 +00000-0 +77675-4 0  9996
2 43138 097.5215 349.7869 0010560 053.7519 306.4692 15.23296048041766
1 43138U 18004AD  18287.12903974  .00002038  00000-0  88883-4 0  9995
2 43138  97.5213 350.1818 0010537  52.4216 307.7976 15.23298769 41826
1 43138U 18004AD  18287.45748400 +.00002611 +00000-0 +11297-3 0  9993
2 43138 097.5213 350.5108 0010514 051.4083 308.8093 15.23301974041878
1 43138U 18004AD  18288.18006074  .00002353  00000-0  10212-3 0  9997
2 43138  97.5212 351.2346 0010459  49.0692 311.1448 15.23304230 41987
1 43138U 18004AD  18288.90263598 +.00002054 +00000-0 +89518-4 0  9997
2 43138 097.5212 351.9585 0010403 046.7819 313.4284 15.23306373042099
1 43138U 18004AD  18289.42814421  .00002080  00000-0  90624-4 0  9991
2 43138  97.5212 352.4849 0010348  45.1643 315.0432 15.23308803 42176
1 43138U 18004AD  18289.88796356 +.00001927 +00000-0 +84199-4 0  9996
2 43138 097.5212 352.9456 0010318 043.7381 316.4671 15.23310229042248
1 43138U 18004AD  18290.47915906  .00001749  00000-0  76699-4 0  9995
2 43138  97.5213 353.5379 0010274  41.9206 318.2815 15.23312067 42339
1 43138U 18004AD  18290.87328914 +.00001778 +00000-0 +77918-4 0  9993
2 43138 097.5213 353.9329 0010249 040.4045 319.7951 15.23312969042399
1 43138U 18004AD  18291.85861240  .00001796  00000-0  78657-4 0  9997
2 43138  97.5212 354.9200 0010166  37.2863 322.9077 15.23316829 42548
1 43138U 18004AD  18292.12136475 +.00001786 +00000-0 +78220-4 0  9998
2 43138 097.5212 355.1832 0010141 036.4381 323.7544 15.23317819042583
1 43138U 18004AD  18292.90962176 +.00001679 +00000-0 +73708-4 0  9996
2 43138 097.5211 355.9730 0010076 033.9209 326.2670 15.23320001042704
1 43138U 18004AD  18293.17237345  .00001678  00000-0  73685-4 0  9992
2 43138  97.5211 356.2362 0010053  33.0593 327.1270 15.23321046 42741
1 43138U 18004AD  18293.43512597 +.00001569 +00000-0 +69108-4 0  9990
2 43138 097.5211 356.4995 0010028 032.2275 327.9573 15.23321118042783
1 43138U 18004AD  18293.89494130 +.00001564 +00000-0 +68870-4 0  9992
2 43138 097.5210 356.9601 0009993 030.7426 329.4394 15.23322619042854
1 43138U 18004AD  18294.42044497  .00001350  00000-0  59873-4 0  9995
2 43138  97.5210 357.4866 0009942  29.0441 331.1346 15.23322898 42930
1 43138U 18004AD  18294.88025946 +.00001407 +00000-0 +62268-4 0  9998
2 43138 097.5209 357.9472 0009905 027.5385 332.6374 15.23324643043001
1 43138U 18004AD  18295.47144906  .00001511  00000-0  66646-4 0  9992
2 43138  97.5208 358.5395 0009850  25.6277 334.5446 15.23326998 43094
1 43138U 18004AD  18296.39107637 +.00001558 +00000-0 +68610-4 0  9998
2 43138 097.5206 359.4608 0009755 022.5803 337.5861 15.23329861043236
1 43138U 18004AD  18296.85088905 +.00001577 +00000-0 +69396-4 0  9998
2 43138 097.5205 359.9214 0009713 021.0259 339.1375 15.23331421043307
1 43138U 18004AD  18297.44207629 +.00001573 +00000-0 +69254-4 0  9999
2 43138 097.5204 000.5137 0009650 019.0746 341.0850 15.23333223043398
1 43138U 18004AD  18297.90188798 +.00001576 +00000-0 +69347-4 0  9991
2 43138 097.5203 000.9743 0009608 017.5197 342.6369 15.23334692043461
1 43138U 18004AD  18298.82151056 +.00001500 +00000-0 +66155-4 0  9991
2 43138 097.5202 001.8956 0009517 014.4847 345.6660 15.23337057043604
1 43138U 18004AD  18299.21563421  .00001446  00000-0  63899-4 0  9999
2 43138  97.5201   2.2903 0009480  13.1030 347.0451 15.23337894 43668
1 43138U 18004AD  18299.74113192 +.00001367 +00000-0 +60579-4 0  9997
2 43138 097.5200 002.8167 0009424 011.3440 348.8008 15.23339013043749
1 43138U 18004AD  18300.72643799  .00001359  00000-0  60222-4 0  9995
2 43138  97.5198   3.8037 0009318   7.9596 352.1786 15.23342060 43890
1 43138U 18004AD  18301.18624680 +.00001338 +00000-0 +59335-4 0  9994
2 43138 097.5197 004.2643 0009275 006.3095 353.8256 15.23343417043961
1 43138U 18004AD  18301.71174221 +.00001296 +00000-0 +57589-4 0  9996
2 43138 097.5196 004.7907 0009219 004.4905 355.6413 15.23344813044041
1 43138U 18004AD  18302.17155012  .00001295  00000-0  57526-4 0  9994
2 43138  97.5195   5.2513 0009174   2.8691 357.2597 15.23346245 44113
1 43138U 18004AD  18302.23723696 +.00001282 +00000-0 +56972-4 0  9990
2 43138 097.5195 005.3171 0009165 002.6249 357.5034 15.23346365044124
1 43138U 18004AD  18302.76273155 +.00001228 +00000-0 +54716-4 0  9992
2 43138 097.5195 005.8434 0009111 000.8027 359.3223 15.23347551044203
1 43138U 18004AD  18303.22253886  .00001200  00000-0  53518-4 0  9992
2 43138  97.5194   6.3040 0009066 359.1322   0.9897 15.23348690 44276
1 43138U 18004AD  18303.41959896 +.00001208 +00000-0 +53856-4 0  9990
2 43138 097.5194 006.5014 0009046 358.4545 001.6662 15.23349286044300
1 43138U 18004AD  18303.74803249 +.00001182 +00000-0 +52759-4 0  9998
2 43138 097.5194 006.8304 0009013 357.2868 002.8319 15.23350028044357
1 43138U 18004AD  18304.40489890  .00001173  00000-0  52375-4 0  9998
2 43138  97.5193   7.4883 0008938 354.9599   5.1546 15.23351739 44454
1 43138U 18004AD  18304.86470491 +.00001167 +00000-0 +52122-4 0  9998
2 43138 097.5192 007.9489 0008882 353.2468 006.8647 15.23352943044521
1 43138U 18004AD  18305.71862949  .00001164  00000-0  52020-4 0  9990
2 43138  97.5191   8.8042 0008791 350.1302   9.9761 15.23355225 44658
1 43138U 18004AD  18305.85000226 +.00001201 +00000-0 +53582-4 0  9993
2 43138 097.5191 008.9359 0008785 349.6267 010.4787 15.23355795044675
1 43138U 18004AD  18306.70392549 +.00001167 +00000-0 +52138-4 0  9997
2 43138 097.5191 009.7911 0008701 346.4581 013.6421 15.23357845044803
1 43138U 18004AD  18307.16372968  .00001174  00000-0  52407-4 0  9998
2 43138  97.5190  10.2517 0008669 344.7402  15.3572 15.23359088 44871
1 43138U 18004AD  18307.82059225 +.00001209 +00000-0 +53915-4 0  9993
2 43138 097.5189 010.9096 0008607 342.3226 017.7710 15.23360955044974
1 43138U 18004AD  18308.21470944  .00001223  00000-0  54469-4 0  9993
2 43138  97.5189  11.3043 0008569 340.8325  19.2588 15.23362053 45030
1 43138U 18004AD  18308.87157069 +.00001283 +00000-0 +56993-4 0  9995
2 43138 097.5188 011.9623 0008510 338.3546 021.7330 15.23364120045133
1 43138U 18004AD  18309.46274431  .00001440  00000-0  63600-4 0  9992
2 43138  97.5188  12.5543 0008459 336.0900  23.9942 15.23366865 45223
1 43138U 18004AD  18309.92254450 +.00001726 +00000-0 +75613-4 0  9996
2 43138 097.5187 013.0149 0008424 334.3169 025.7648 15.23370236045297
1 43138U 18004AD  18310.18528791 +.00001700 +00000-0 +74545-4 0  9993
2 43138 097.5187 013.2780 0008401 333.2921 026.7881 15.23370973045332
1 43138U 18004AD  18310.71077458  .00001605  00000-0  70537-4 0  9992
2 43138  97.5186  13.8043 0008350 331.2843  28.7932 15.23372091 45414
1 43138U 18004AD  18310.90783116 +.00001814 +00000-0 +79316-4 0  9994
2 43138 097.5185 014.0017 0008340 330.5369 029.5396 15.23374047045440
1 43138U 18004AD  18311.23625944 +.00001772 +00000-0 +77553-4 0  9999
2 43138 097.5185 014.3307 0008319 329.2279 030.8468 15.23375050045491
1 43138U 18004AD  18311.82742983  .00001773  00000-0  77586-4 0  9994
2 43138  97.5184  14.9227 0008265 326.9715  33.1005 15.23377144 45585
1 43138U 18004AD  18312.15585731 +.00001755 +00000-0 +76839-4 0  9997
2 43138 097.5183 015.2517 0008241 325.6627 034.4076 15.23378308045633
1 43138U 18004AD  18312.74702641 +.00001701 +00000-0 +74544-4 0  9995
2 43138 097.5182 015.8438 0008182 323.3701 036.6976 15.23380171045726
1 43138U 18004AD  18313.14113849  .00001669  00000-0  73223-4 0  9992
2 43138  97.5181  16.2385 0008159 321.7804  38.2853 15.23381537 45786
1 43138U 18004AD  18313.73230629 +.00001576 +00000-0 +69304-4 0  9995
2 43138 097.5180 016.8306 0008106 319.4340 040.6292 15.23383222045872
1 43138U 18004AD  18314.84895242 +.00001763 +00000-0 +77135-4 0  9995
2 43138 097.5175 017.9492 0007996 314.9727 045.0861 15.23389144046049
1 43138U 18004AD  18315.30874720 +.00001823 +00000-0 +79669-4 0  9996
2 43138 097.5175 018.4097 0007972 313.0582 046.9986 15.23391148046112
1 43138U 18004AD  18316.16265071  .00001825  00000-0  79719-4 0  9992
2 43138  97.5173  19.2648 0007912 309.5440  50.5097 15.23394493 46242
1 43138U 18004AD  18316.88518293 +.00001769 +00000-0 +77357-4 0  9991
2 43138 097.5175 019.9883 0007918 306.7398 053.3111 15.23396942046350
1 43138U 18004AD  18317.47634508  .00001721  00000-0  75352-4 0  9996
2 43138  97.5175  20.5803 0007888 304.2079  55.8410 15.23398802 46441
1 43138U 18004AD  18317.87045286 +.00001680 +00000-0 +73646-4 0  9997
2 43138 097.5175 020.9750 0007866 302.5570 057.4906 15.23399950046509
1 43138U 18004AD  18318.85572083  .00001575  00000-0  69200-4 0  9990
2 43138  97.5173  21.9617 0007823 298.3647  61.6800 15.23402820 46657
1 43138U 18004AD  18319.24982766 +.00001628 +00000-0 +71425-4 0  9998
2 43138 097.5173 022.3564 0007810 296.7224 063.3213 15.23404395046715
1 43138U 18004AD  18319.90667127  .00001603  00000-0  70377-4 0  9990
2 43138  97.5172  23.0141 0007797 294.1013  65.9408 15.23406503 46813
1 43138U 18004AD  18319.90667127 +.00001603 +00000-0 +70377-4 0  9990
2 43138 097.5172 023.0141 0007797 294.1013 065.9408 15.23406503046813
1 43138U 18004AD  18320.43214587 +.00001590 +00000-0 +69850-4 0  9997
2 43138 097.5172 023.5404 0007778 291.9216 068.1193 15.23408085046890
1 43138U 18004AD  18320.89193560 +.00001579 +00000-0 +69369-4 0  9996
2 43138 097.5172 024.0008 0007764 290.0485 069.9916 15.23409449046964
1 43138U 18004AD  18321.08898817  .00001589  00000-0  69785-4 0  9998
2 43138  97.5171  24.1982 0007759 289.2180  70.8217 15.23410129 46996
1 43138U 18004AD  18321.41740966 +.00001532 +00000-0 +67374-4 0  9996
2 43138 097.5172 024.5271 0007747 287.8403 072.1989 15.23410611047045
1 43138U 18004AD  18321.87719850 +.00001593 +00000-0 +69963-4 0  9997
2 43138 097.5171 024.9875 0007736 285.9323 074.1061 15.23412309047113
1 43138U 18004AD  18322.13993482  .00001617  00000-0  70941-4 0  9997
2 43138  97.5171  25.2506 0007730 284.7994  75.2386 15.23413230 47153
1 43138U 18004AD  18322.86245957 +.00001631 +00000-0 +71555-4 0  9992
2 43138 097.5170 025.9742 0007724 281.7431 078.2939 15.23415304047260
1 43138U 18004AD  18323.19087930  .00001674  00000-0  73346-4 0  9991
2 43138  97.5170  26.3031 0007721 280.3362  79.7004 15.23416541 47310
1 43138U 18004AD  18323.84771877 +.00001721 +00000-0 +75316-4 0  9995
2 43138 097.5169 026.9609 0007717 277.5887 082.4473 15.23418581047418
1 43138U 18004AD  18324.30750586  .00001767  00000-0  77259-4 0  9999
2 43138  97.5168  27.4213 0007716 275.6391  84.3965 15.23420130 47489
1 43138U 18004AD  18324.70160864 +.00001763 +00000-0 +77072-4 0  9996
2 43138 097.5168 027.8159 0007712 273.9186 086.1169 15.23421256047544
1 43138U 18004AD  18325.81823122  .00001777  00000-0  77664-4 0  9994
2 43138  97.5166  28.9341 0007711 269.2063  90.8290 15.23424731 47715
1 43138U 18004AD  18325.88391509 +.00001702 +00000-0 +74521-4 0  9997
2 43138 097.5166 028.9999 0007714 268.9171 091.1181 15.23424445047729
1 43138U 18004AD  18326.86916829 +.00001673 +00000-0 +73266-4 0  9996
2 43138 097.5164 029.9864 0007728 264.7175 095.3180 15.23427347047877
1 43138U 18004AD  18327.13190199  .00001679  00000-0  73539-4 0  9990
2 43138  97.5163  30.2495 0007738 263.5998  96.4358 15.23428286 47919
1 43138U 18004AD  18327.92010328 +.00001520 +00000-0 +66871-4 0  9998
2 43138 097.5162 031.0388 0007753 260.2349 099.8012 15.23429812048033
