1 39398U 13064U   13346.68141476  .00023021  00000-0  99705-3 0  9991
2 39398 040.5304 118.4533 0005439 090.2185 269.9316 15.21843740  1508
1 39398U 13064U   13348.38756892  .00023842  00000-0  10296-2 0  9992
2 39398 040.5304 108.5192 0005398 107.1258 253.0261 15.21927477  1763
1 39398U 13064U   13349.63431070  .00024919  00000-0  10735-2 0  9993
2 39398 040.5307 101.2626 0005473 117.0081 243.1450 15.21994102  1956
1 39398U 13064U   13350.68415138  .00026721  00000-0  11482-2 0  9990
2 39398 040.5308 095.1475 0004919 113.4563 246.6766 15.22056239  2117
1 39398U 13064U   13352.52128837  .00025170  00000-0  10794-2 0  9994
2 39398 040.5308 084.4505 0005597 140.1619 219.9449 15.22144019  2399
1 39398U 13064U   13354.42394173  .00022291  00000-0  95505-3 0  9998
2 39398 040.5280 073.3693 0005982 158.2915 201.8053 15.22220562  2681
1 39398U 13064U   13355.53924153  .00022022  00000-0  94229-3 0  9992
2 39398 040.5310 066.8734 0005879 163.2336 196.8655 15.22269837  2854
1 39398U 13064U   13356.58890436  .00021316  00000-0  91128-3 0  9994
2 39398 040.5314 060.7625 0006117 172.5386 187.5504 15.22311940  3016
1 39398U 13064U   13357.44173336  .00020072  00000-0  85801-3 0  9992
2 39398 040.5315 055.7966 0006277 180.4277 179.6258 15.22340728  3141
1 39398U 13064U   13358.36015376  .00018322  00000-0  78347-3 0  9995
2 39398 040.5311 050.4469 0006072 187.0046 173.0460 15.22368301  3282
1 39398U 13064U   13359.34415800  .00016823  00000-0  71958-3 0  9995
2 39398 040.5321 044.7170 0006479 190.9066 169.1467 15.22395751  3433
1 39398U 13064U   13360.32814401  .00015643  00000-0  66927-3 0  9994
2 39398 040.5314 038.9845 0006613 199.0850 160.9689 15.22422035  3587
1 39398U 13064U   13361.50889672  .00015592  00000-0  66637-3 0  9998
2 39398 040.5320 032.1063 0006703 207.3471 152.6985 15.22459034  3760
1 39398U 13064U   13363.01759763  .00015047  00000-0  64255-3 0  9992
2 39398 040.5318 023.3170 0006961 217.0955 142.9375 15.22502620  3999
1 39398U 13064U   13364.06710609  .00013991  00000-0  59769-3 0  9994
2 39398 040.5319 017.2015 0006935 224.7363 135.2805 15.22527937  4159
1 39398U 13064U   13365.11659661  .00013606  00000-0  58103-3 0  9995
2 39398 040.5323 011.0874 0007226 230.3578 129.6618 15.22555428  4317
1 39398U 13064U   14001.36283475  .00014520  00000-0  61867-3 0  9993
2 39398 040.5329 003.8257 0007227 238.5107 121.5095 15.22595495  4505
1 39398U 13064U   14002.34668278  .00015597  00000-0  66320-3 0  9994
2 39398 040.5330 358.0907 0007042 245.5799 114.4503 15.22631065  4659
1 39398U 13064U   14003.33050302  .00017483  00000-0  74120-3 0  9990
2 39398 040.5324 352.3586 0007503 249.4024 110.6357 15.22672973  4803
1 39398U 13064U   14004.31429226  .00019294  00000-0  81583-3 0  9997
2 39398 040.5322 346.6254 0007546 256.8589 103.1613 15.22717892  4952
1 39398U 13064U   14005.29805343  .00020208  00000-0  85290-3 0  9999
2 39398 040.5316 340.8953 0007518 259.4565 100.5354 15.22760738  5107
1 39398U 13064U   14007.13435122  .00019826  00000-0  83520-3 0  9996
2 39398 040.5312 330.1913 0007439 270.5588 089.4298 15.22832945  5384
1 39398U 13064U   14008.24920660  .00019631  00000-0  82606-3 0  9993
2 39398 040.5312 323.6939 0007257 277.6788 082.3193 15.22876245  5553
1 39398U 13064U   14009.75748405  .00019953  00000-0  83792-3 0  9999
2 39398 040.5314 314.8993 0007238 285.6502 074.3533 15.22937934  5786
1 39398U 13064U   14010.87225843  .00020207  00000-0  84729-3 0  9995
2 39398 040.5316 308.3986 0007281 290.0620 069.9449 15.22983876  5958
1 39398U 13064U   14012.11814556  .00019681  00000-0  82435-3 0  9995
2 39398 040.5316 301.1323 0007254 297.6679 062.3311 15.23030841  6144
1 39398U 13064U   14013.16728891  .00018762  00000-0  78553-3 0  9992
2 39398 040.5312 295.0143 0007109 301.6323 058.3767 15.23066770  6300
1 39398U 13064U   14015.06879118  .00018291  00000-0  76453-3 0  9996
2 39398 040.5310 283.9249 0006896 313.6016 046.4187 15.23135419  6597
1 39398U 13064U   14016.11786090  .00018078  00000-0  75497-3 0  9999
2 39398 040.5311 277.8057 0006800 321.2237 038.8077 15.23172495  6758
1 39398U 13064U   14017.10133830  .00016770  00000-0  70054-3 0  9998
2 39398 040.5308 272.0713 0006154 323.1135 036.8919 15.23200598  6906
1 39398U 13064U   14018.08480471  .00015082  00000-0  63056-3 0  9991
2 39398 040.5309 266.3357 0006075 328.8420 031.1612 15.23223960  7051
1 39398U 13064U   14019.06826771  .00013697  00000-0  57310-3 0  9993
2 39398 040.5305 260.5976 0006633 341.2384 018.8173 15.23245451  7208
1 39398U 13064U   14020.05170581  .00012466  00000-0  52216-3 0  9998
2 39398 040.5307 254.8627 0006041 341.7191 018.3395 15.23265138  7354
1 39398U 13064U   14021.82185560  .00012124  00000-0  50749-3 0  9997
2 39398 040.5314 244.5366 0005726 352.9794 007.0978 15.23307547  7623
1 39398U 13064U   14023.00192398  .00013194  00000-0  55087-3 0  9994
2 39398 040.5305 237.6511 0005645 001.4920 358.6121 15.23343067  7807
1 39398U 13064U   14023.98528563  .00015037  00000-0  62588-3 0  9990
2 39398 040.5302 231.9131 0005607 009.3927 350.7099 15.23379032  7955
1 39398U 13064U   14025.55862614  .00015715  00000-0  65269-3 0  9995
2 39398 040.5302 222.7352 0005262 018.3180 341.7913 15.23430541  8191
1 39398U 13064U   14026.73860102  .00015064  00000-0  62548-3 0  9990
2 39398 040.5295 215.8537 0004953 026.0563 334.0497 15.23463414  8374
1 39398U 13064U   14027.91854787  .00015174  00000-0  62928-3 0  9997
2 39398 040.5286 208.9663 0005042 033.7192 326.3954 15.23499938  8552
1 39398U 13064U   14029.49176145  .00015999  00000-0  66193-3 0  9990
2 39398 040.5290 199.7857 0004761 045.3670 314.7553 15.23553154  8799
1 39398U 13064U   14029.88505230  .00016904  00000-0  69847-3 0  9990
2 39398 040.5288 197.4895 0004806 047.3574 312.7662 15.23571206  8852
1 39398U 13064U   14030.67162961  .00018059  00000-0  74482-3 0  9993
2 39398 040.5290 192.9006 0004242 054.4399 305.7142 15.23604388  8973
1 39398U 13064U   14031.72036400  .00018943  00000-0  77980-3 0  9996
2 39398 040.5291 186.7792 0004231 062.5222 297.6079 15.23647537  9130
1 39398U 13064U   14032.76907551  .00019067  00000-0  78389-3 0  9997
2 39398 040.5299 180.6582 0004318 071.7798 288.3449 15.23687925  9294
1 39398U 13064U   14033.81776313  .00018352  00000-0  75407-3 0  9998
2 39398 040.5307 174.5375 0004223 083.8296 276.2996 15.23724380  9456
1 39398U 13064U   14035.39074026  .00018983  00000-0  77821-3 0  9997
2 39398 040.5295 165.3542 0004250 099.7102 260.4312 15.23786629  9695
1 39398U 13064U   14035.78397020  .00020493  00000-0  83872-3 0  9994
2 39398 040.5294 163.0582 0004220 096.1173 264.0205 15.23808942  9750
1 39398U 13064U   14037.42238708  .00021564  00000-0  88005-3 0  9997
2 39398 040.5300 153.4898 0004353 112.5488 247.5867 15.23883206 10006
1 39398U 13064U   14038.60199644  .00022840  00000-0  92984-3 0  9992
2 39398 040.5301 146.6013 0004407 124.2713 235.8788 15.23942225 10189
1 39398U 13064U   14039.71602097  .00024452  00000-0  99289-3 0  9992
2 39398 040.5304 140.0922 0004442 126.4906 233.6357 15.24003095 10357
1 39398U 13064U   14040.69894801  .00026099  00000-0  10572-2 0  9993
2 39398 040.5304 134.3522 0004410 135.6053 224.5169 15.24060785 10505
1 39398U 13064U   14041.55078843  .00027185  00000-0  10990-2 0  9990
2 39398 040.5305 129.3790 0004754 143.8670 216.2525 15.24111574 10635
1 39398U 13064U   14043.12334569  .00028192  00000-0  11361-2 0  9997
2 39398 040.5304 120.1935 0005131 159.2561 200.8496 15.24202926 10878
1 39398U 13064U   14043.58199624  .00027082  00000-0  10912-2 0  9996
2 39398 040.5299 117.5180 0005526 164.8227 195.2679 15.24221402 10940
1 39398U 13064U   14044.43375411  .00025494  00000-0  10268-2 0  9990
2 39398 040.5301 112.5410 0005202 167.7405 192.3250 15.24258903 11070
1 39398U 13064U   14045.15446248  .00024127  00000-0  97146-3 0  9990
2 39398 040.5299 108.3318 0005292 174.0374 186.0379 15.24288128 11187
1 39398U 13064U   14045.54756944  .00022971  00000-0  92508-3 0  9992
2 39398 040.5301 106.0358 0005495 175.4218 184.6377 15.24300273 11242
1 39398U 13064U   14046.39928873  .00021452  00000-0  86387-3 0  9999
2 39398 040.5309 101.0566 0005010 177.3882 182.6666 15.24331517 11375
1 39398U 13064U   14047.31650772  .00019823  00000-0  79833-3 0  9999
2 39398 040.5307 095.6956 0005055 185.9008 174.1569 15.24361709 11518
1 39398U 13064U   14048.43024708  .00018873  00000-0  75960-3 0  9998
2 39398 040.5303 089.1920 0005575 194.4863 165.5820 15.24400279 11682
1 39398U 13064U   14049.47843441  .00019709  00000-0  79177-3 0  9999
2 39398 040.5301 083.0666 0005585 202.6225 157.4348 15.24445153 11848
1 39398U 13064U   14050.13353577  .00020304  00000-0  81463-3 0  9994
2 39398 040.5299 079.2375 0005882 206.5654 153.4856 15.24473931 11943
1 39398U 13064U   14051.37819779  .00021598  00000-0  86434-3 0  9991
2 39398 040.5298 071.9629 0006121 213.8653 146.2051 15.24532426 12134
1 39398U 13064U   14052.36078320  .00024094  00000-0  96130-3 0  9998
2 39398 040.5292 066.2195 0006071 220.9509 139.1376 15.24590339 12280
1 39398U 13064U   14053.08131659  .00026009  00000-0  10352-2 0  9992
2 39398 040.5290 062.0101 0007276 221.7788 138.2991 15.24635249 12390
1 39398U 13064U   14054.06382780  .00028080  00000-0  11147-2 0  9998
2 39398 040.5296 056.2646 0006635 229.2075 130.8305 15.24697809 12549
1 39398U 13064U   14055.11180775  .00027306  00000-0  10825-2 0  9997
2 39398 040.5293 050.1385 0007027 235.0775 124.9264 15.24751772 12703
1 39398U 13064U   14056.35623550  .00028002  00000-0  11073-2 0  9997
2 39398 040.5299 042.8619 0007529 242.0212 117.9947 15.24824448 12899
1 39398U 13064U   14057.14215789  .00029398  00000-0  11601-2 0  9992
2 39398 040.5311 038.2659 0007069 246.7273 113.3060 15.24876556 13012
1 39398U 13064U   14058.19000485  .00030548  00000-0  12025-2 0  9993
2 39398 040.5311 032.1381 0007341 251.3529 108.6539 15.24944964 13170
1 39398U 13064U   14059.17232347  .00031992  00000-0  12561-2 0  9995
2 39398 040.5309 026.3929 0007502 257.8932 102.1312 15.25013746 13329
1 39398U 13064U   14060.28555998  .00032921  00000-0  12892-2 0  9999
2 39398 040.5314 019.8794 0007508 266.9749 093.0219 15.25090154 13495
1 39398U 13064U   14060.94038320  .00039880  00000-0  15543-2 0  9994
2 39398 040.5323 016.0583 0008026 252.0962 108.1693 15.25179400 13596
1 39398U 13064U   14061.85701574  .00043268  00000-0  16805-2 0  9990
2 39398 040.5310 010.6866 0007563 266.0286 093.9771 15.25269530 13733
1 39398U 13064U   14062.24986751  .00042506  00000-0  16496-2 0  9996
2 39398 040.5305 008.3935 0008096 261.8908 098.0995 15.25297233 13795
1 39398U 13064U   14063.10102337  .00040284  00000-0  15617-2 0  9997
2 39398 040.5301 003.4081 0007598 271.6959 088.2862 15.25356130 13921
1 39398U 13064U   14063.23196878  .00038328  00000-0  14865-2 0  9994
2 39398 040.5315 002.6435 0007659 276.1851 083.7884 15.25359447 13949
1 39398U 13064U   14064.80323784  .00036847  00000-0  14249-2 0  9996
2 39398 040.5317 353.4491 0007497 281.1846 078.8127 15.25471206 14180
1 39398U 13064U   14066.04707530  .00036019  00000-0  13896-2 0  9997
2 39398 040.5319 346.1682 0007420 287.8810 072.1100 15.25557197 14376
1 39398U 13064U   14067.09446422  .00035200  00000-0  13555-2 0  9996
2 39398 040.5320 340.0371 0007504 294.3741 065.6120 15.25627354 14535
1 39398U 13064U   14068.07635108  .00033970  00000-0  13061-2 0  9990
2 39398 040.5319 334.2858 0007731 305.8215 054.1637 15.25689169 14688
1 39398U 13064U   14069.05820065  .00032583  00000-0  12512-2 0  9996
2 39398 040.5318 328.5385 0007384 307.1237 052.8716 15.25747258 14835
1 39398U 13064U   14070.04001236  .00031171  00000-0  11956-2 0  9991
2 39398 040.5324 322.7926 0007202 310.1759 049.8250 15.25803350 14982
1 39398U 13064U   14071.08723979  .00030587  00000-0  11712-2 0  9991
2 39398 040.5318 316.6573 0007482 320.7596 039.2673 15.25865144 15141
1 39398U 13064U   14072.65799423  .00030100  00000-0  11495-2 0  9991
2 39398 040.5318 307.4575 0007297 329.4753 030.5626 15.25957948 15388
1 39398U 13064U   14073.70510884  .00030315  00000-0  11555-2 0  9995
2 39398 040.5319 301.3248 0007117 334.9387 025.1107 15.26022262 15549
1 39398U 13064U   14074.94850303  .00029902  00000-0  11375-2 0  9995
2 39398 040.5316 294.0430 0006891 340.9912 019.0632 15.26094544 15734
1 39398U 13064U   14075.93009197  .00028666  00000-0  10893-2 0  9992
2 39398 040.5318 288.2919 0006619 345.9862 014.0706 15.26145751 15880
1 39398U 13064U   14076.78077361  .00027116  00000-0  10298-2 0  9992
2 39398 040.5313 283.3075 0006762 350.1319 009.8997 15.26185691 16015
1 39398U 13064U   14077.82774561  .00025937  00000-0  98407-3 0  9992
2 39398 040.5316 277.1732 0006280 357.2755 002.8005 15.26236056 16178
1 39398U 13064U   14078.94010662  .00026703  00000-0  10109-2 0  9995
2 39398 040.5317 270.6539 0006355 004.4415 355.6802 15.26298906 16344
1 39398U 13064U   14080.44498341  .00028646  00000-0  10805-2 0  9998
2 39398 040.5321 261.8325 0006640 018.8463 341.3094 15.26391288 16570
1 39398U 13064U   14080.77210963  .00031255  00000-0  11765-2 0  9992
2 39398 040.5317 259.9087 0006669 019.1119 341.1023 15.26427766 16628
1 39398U 13064U   14081.68803128  .00033293  00000-0  12502-2 0  9998
2 39398 040.5325 254.5563 0004469 019.9809 340.1561 15.26495829 16763
1 39398U 13064U   14082.47308410  .00035221  00000-0  13192-2 0  9999
2 39398 040.5342 249.9538 0005074 032.8637 327.2682 15.26559030 16886
1 39398U 13064U   14083.45435597  .00036813  00000-0  13748-2 0  9990
2 39398 040.5327 244.1951 0005680 036.2062 323.9162 15.26636943 17031
1 39398U 13064U   14084.50099756  .00037512  00000-0  13972-2 0  9996
2 39398 040.5324 238.0576 0005687 043.2147 316.9142 15.26717220 17197
1 39398U 13064U   14085.74381532  .00037488  00000-0  13925-2 0  9999
2 39398 040.5321 230.7691 0005555 052.4198 307.7123 15.26809573 17384
1 39398U 13064U   14087.31357673  .00038502  00000-0  14244-2 0  9996
2 39398 040.5321 221.5606 0005540 063.1295 297.0126 15.26933237 17625
1 39398U 13064U   14087.77139686  .00039584  00000-0  14621-2 0  9998
2 39398 040.5317 218.8734 0005608 062.5677 297.5824 15.26974560 17694
1 39398U 13064U   14089.34098225  .00040707  00000-0  14973-2 0  9995
2 39398 040.5326 209.6658 0005390 078.0783 282.0661 15.27104860 17939
1 39398U 13064U   14090.25651821  .00039869  00000-0  14637-2 0  9998
2 39398 040.5326 204.2942 0005380 083.3740 276.7619 15.27173665 18075
1 39398U 13064U   14090.71427346  .00038930  00000-0  14283-2 0  9997
2 39398 040.5335 201.6094 0005386 092.1061 268.0321 15.27204563 18148
1 39398U 13064U   14091.69514085  .00037819  00000-0  13850-2 0  9996
2 39398 040.5338 195.8535 0005233 101.4876 258.6516 15.27274527 18298
1 39398U 13064U   14093.59135606  .00036296  00000-0  13245-2 0  9991
2 39398 040.5335 184.7213 0005289 109.6432 250.4862 15.27407136 18584
1 39398U 13064U   14094.57209348  .00035053  00000-0  12771-2 0  9998
2 39398 040.5333 178.9665 0005463 122.0140 238.0988 15.27470391 18738
1 39398U 13064U   14095.48741459  .00033694  00000-0  12261-2 0  9996
2 39398 040.5333 173.5891 0005093 127.0374 233.0706 15.27526472 18873
1 39398U 13064U   14096.46808113  .00032601  00000-0  11846-2 0  9991
2 39398 040.5330 167.8308 0005016 130.5556 229.5628 15.27585884 19028
1 39398U 13064U   14097.57944975  .00032229  00000-0  11686-2 0  9999
2 39398 040.5332 161.3075 0005308 143.6600 216.4562 15.27656119 19199
1 39398U 13064U   14099.14835094  .00032272  00000-0  11666-2 0  9991
2 39398 040.5334 152.0931 0005363 155.7803 204.3268 15.27757107 19434
1 39398U 13064U   14100.32496398  .00030730  00000-0  11092-2 0  9994
2 39398 040.5334 145.1813 0005308 162.6956 197.3784 15.27822684 19618
1 39398U 13064U   14101.10934939  .00029439  00000-0  10617-2 0  9995
2 39398 040.5336 140.5763 0005941 174.6717 185.4058 15.27863273 19738
1 39398U 13064U   14101.50153725  .00027884  00000-0  10057-2 0  9995
2 39398 040.5338 138.2749 0006653 178.3287 181.7463 15.27877767 19790
1 39398U 13064U   14102.35125476  .00026692  00000-0  96207-3 0  9999
2 39398 040.5337 133.2792 0005834 181.0256 179.0369 15.27918515 19926
1 39398U 13064U   14103.33166906  .00027607  00000-0  99280-3 0  9992
2 39398 040.5331 127.5204 0006483 192.5325 167.5865 15.27977105 20070
1 39398U 13064U   14103.98524193  .00029132  00000-0  10457-2 0  9992
2 39398 040.5337 123.6773 0005729 191.6159 168.4648 15.28021833 20170
1 39398U 13064U   14104.37738069  .00030956  00000-0  11094-2 0  9999
2 39398 040.5333 121.3718 0005382 197.4428 162.6609 15.28054662 20234
1 39398U 13064U   14105.42304211  .00031940  00000-0  11417-2 0  9997
2 39398 040.5338 115.2287 0006037 203.7734 156.2784 15.28123956 20394
1 39398U 13064U   14106.40332152  .00030305  00000-0  10820-2 0  9992
2 39398 040.5338 109.4702 0006783 208.0344 151.9948 15.28176618 20548
1 39398U 13064U   14107.05682281  .00028874  00000-0  10305-2 0  9991
2 39398 040.5334 105.6278 0006455 215.8665 144.1423 15.28208791 20649
1 39398U 13064U   14108.29843744  .00029199  00000-0  10396-2 0  9992
2 39398 040.5342 098.3291 0006482 222.6749 137.3776 15.28283176 20836
1 39398U 13064U   14109.01723104  .00030398  00000-0  10802-2 0  9995
2 39398 040.5346 094.1037 0006882 226.8465 133.2044 15.28331343 20942
1 39398U 13064U   14109.34394444  .00032117  00000-0  11396-2 0  9992
2 39398 040.5354 092.1818 0006555 232.8041 127.2614 15.28361470 20995
1 39398U 13064U   14110.32405228  .00035243  00000-0  12463-2 0  9994
2 39398 040.5358 086.4184 0006275 244.6457 115.4010 15.28441460 21147
1 39398U 13064U   14111.10809981  .00036903  00000-0  13014-2 0  9992
2 39398 040.5356 081.8142 0007793 238.9016 121.1315 15.28505632 21268
1 39398U 13064U   14112.15344914  .00038879  00000-0  13665-2 0  9994
2 39398 040.5361 075.6678 0008196 242.7894 117.2368 15.28594135 21422
1 39398U 13064U   14113.26406652  .00039805  00000-0  13948-2 0  9999
2 39398 040.5370 069.1336 0007927 251.8829 108.1060 15.28685593 21596
1 39398U 13064U   14114.24397864  .00037707  00000-0  13193-2 0  9993
2 39398 040.5363 063.3726 0008425 252.8147 107.1246 15.28749920 21742
1 39398U 13064U   14115.15854012  .00034947  00000-0  12218-2 0  9997
2 39398 040.5373 057.9903 0008093 265.3887 094.5587 15.28803411 21888
1 39398U 13064U   14115.87710440  .00032627  00000-0  11402-2 0  9999
2 39398 040.5366 053.7625 0008160 268.8265 091.1416 15.28841047 21991
1 39398U 13064U   14116.72628862  .00030806  00000-0  10757-2 0  9999
2 39398 040.5363 048.7677 0008323 270.2079 089.7667 15.28885886 22126
1 39398U 13064U   14117.70608238  .00029807  00000-0  10395-2 0  9990
2 39398 040.5364 043.0033 0008357 275.6775 084.3022 15.28939898 22275
1 39398U 13064U   14118.09798938  .00028758  00000-0  10028-2 0  9997
2 39398 040.5366 040.6969 0008196 279.5305 080.4235 15.28956837 22333
1 39398U 13064U   14119.07774329  .00026806  00000-0  93423-3 0  9997
2 39398 040.5366 034.9309 0008177 286.7466 073.2140 15.29001491 22483
1 39398U 13064U   14120.05746952  .00023563  00000-0  82157-3 0  9997
2 39398 040.5363 029.1660 0008356 289.9656 069.9632 15.29034255 22630
1 39398U 13064U   14120.97186990  .00022017  00000-0  76754-3 0  9997
2 39398 040.5356 023.7862 0008218 295.9892 063.9931 15.29069045 22778
1 39398U 13064U   14122.01686227  .00021528  00000-0  74969-3 0  9994
2 39398 040.5356 017.6357 0008267 301.9650 058.0463 15.29112705 22938
1 39398U 13064U   14123.06181681  .00021484  00000-0  74713-3 0  9992
2 39398 040.5351 011.4859 0008290 310.7499 049.2466 15.29157400 23091
1 39398U 13064U   14124.04143865  .00020105  00000-0  69909-3 0  9993
2 39398 040.5332 005.7210 0008085 314.8271 045.1430 15.29190397 23247
1 39398U 13064U   14125.02105118  .00018389  00000-0  63964-3 0  9997
2 39398 040.5332 359.9557 0007950 318.6246 041.3861 15.29220171 23395
1 39398U 13064U   14126.06593856  .00018378  00000-0  63850-3 0  9994
2 39398 040.5338 353.8028 0007867 327.9965 032.0390 15.29259842 23554
1 39398U 13064U   14133.77091771  .00025573  00000-0  87464-3 0  9991
2 39398 040.5344 308.4413 0006509 013.3599 346.7428 15.29642258 24731
1 39398U 13064U   14134.81550880  .00025674  00000-0  87660-3 0  9998
2 39398 040.5342 302.2884 0006434 021.2367 338.8676 15.29696160 24896
1 39398U 13064U   14135.86006513  .00025606  00000-0  87290-3 0  9997
2 39398 040.5339 296.1356 0006284 029.6354 330.4817 15.29749609 25059
1 39398U 13064U   14137.49210711  .00026112  00000-0  88762-3 0  9993
2 39398 040.5338 286.5190 0006018 041.3983 318.7352 15.29836556 25300
1 39398U 13064U   14138.79767320  .00026123  00000-0  88613-3 0  9997
2 39398 040.5336 278.8272 0005793 051.1806 308.9489 15.29904531 25508
1 39398U 13064U   14139.64626212  .00025077  00000-0  85010-3 0  9991
2 39398 040.5334 273.8271 0005644 059.6582 300.4531 15.29942533 25632
1 39398U 13064U   14140.62538223  .00023638  00000-0  80088-3 0  9996
2 39398 040.5338 268.0574 0005654 068.2012 291.9113 15.29983203 25788
1 39398U 13064U   14141.40866111  .00022293  00000-0  75512-3 0  9995
2 39398 040.5338 263.4392 0005849 068.9872 291.1270 15.30012897 25906
1 39398U 13064U   14142.38774127  .00020616  00000-0  69831-3 0  9992
2 39398 040.5339 257.6690 0005746 075.5341 284.5929 15.30046774 26059
1 39398U 13064U   14143.36679565  .00019367  00000-0  65589-3 0  9998
2 39398 040.5338 251.9002 0005396 088.5534 271.5751 15.30080132 26203
1 39398U 13064U   14144.67216841  .00018603  00000-0  62949-3 0  9996
2 39398 040.5339 244.2063 0005337 099.8708 260.2718 15.30126059 26408
1 39398U 13064U   14146.30381823  .00018762  00000-0  63356-3 0  9990
2 39398 040.5339 234.5868 0005312 110.4572 249.6754 15.30188087 26652
1 39398U 13064U   14147.47857272  .00016409  00000-0  55466-3 0  9994
2 39398 040.5352 227.6617 0005316 120.6748 239.4204 15.30218078 26835
1 39398U 13064U   14148.39226167  .00013869  00000-0  46980-3 0  9997
2 39398 040.5346 222.2761 0005738 135.6383 224.4659 15.30235184 26978
1 39398U 13064U   14149.56698907  .00012138  00000-0  41186-3 0  9993
2 39398 040.5347 215.3494 0005723 144.7708 215.3443 15.30257806 27157
1 39398U 13064U   14151.06799584  .00011068  00000-0  37588-3 0  9996
2 39398 040.5348 206.4986 0005774 156.7008 203.4047 15.30288069 27385
1 39398U 13064U   14152.30793323  .00010784  00000-0  36614-3 0  9992
2 39398 040.5350 199.1862 0005870 165.3787 194.7166 15.30314143 27574
1 39398U 13064U   14153.35207450  .00010386  00000-0  35269-3 0  9992
2 39398 040.5353 193.0292 0005702 171.1531 188.9259 15.30334794 27733
1 39398U 13064U   14154.39620460  .00010368  00000-0  35189-3 0  9998
2 39398 040.5355 186.8710 0005452 177.6438 182.4338 15.30355994 27898
1 39398U 13064U   14155.11403894  .00009200  00000-0  31299-3 0  9990
2 39398 040.5355 182.6391 0006034 184.3882 175.6874 15.30364134 28001
1 39398U 13064U   14156.35391579  .00009015  00000-0  30661-3 0  9999
2 39398 040.5347 175.3276 0006341 193.2789 166.7893 15.30386381 28199
1 39398U 13064U   14157.39800414  .00009608  00000-0  32603-3 0  9993
2 39398 040.5334 169.1728 0006494 200.2310 159.8249 15.30409270 28355
1 39398U 13064U   14158.44207633  .00010383  00000-0  35146-3 0  9991
2 39398 040.5320 163.0143 0006562 207.5958 152.4526 15.30434326 28513
1 39398U 13064U   14159.42087683  .00011273  00000-0  38062-3 0  9990
2 39398 040.5311 157.2435 0006751 215.0746 144.9634 15.30460242 28669
1 39398U 13064U   14160.33440894  .00013094  00000-0  44035-3 0  9999
2 39398 040.5310 151.8566 0007326 221.3532 138.7094 15.30491990 28806
1 39398U 13064U   14161.31316391  .00015732  00000-0  52684-3 0  9992
2 39398 040.5315 146.0842 0006699 227.1507 132.9097 15.30533936 28954
1 39398U 13064U   14162.03090065  .00017279  00000-0  57723-3 0  9996
2 39398 040.5322 141.8526 0007068 230.1341 129.9173 15.30564692 29062
1 39398U 13064U   14163.33584154  .00018169  00000-0  60555-3 0  9993
2 39398 040.5315 134.1550 0007374 237.7771 122.2306 15.30615318 29264
1 39398U 13064U   14164.90172628  .00018251  00000-0  60710-3 0  9991
2 39398 040.5323 124.9189 0007686 246.1217 113.8839 15.30673242 29507
1 39398U 13064U   14166.14134026  .00018566  00000-0  61652-3 0  9994
2 39398 040.5321 117.6058 0007806 254.1762 105.8175 15.30720647 29693
1 39398U 13064U   14167.25043919  .00018281  00000-0  60641-3 0  9998
2 39398 040.5322 111.0605 0007860 261.3649 098.6226 15.30760359 29863
1 39398U 13064U   14168.81618263  .00017194  00000-0  56993-3 0  9998
2 39398 040.5333 101.8221 0008116 269.3385 090.6476 15.30810964 30102
1 39398U 13064U   14169.85998627  .00015784  00000-0  52342-3 0  9995
2 39398 040.5327 095.6622 0008243 276.8462 083.1266 15.30838152 30260
1 39398U 13064U   14171.09947900  .00015150  00000-0  50216-3 0  9997
2 39398 040.5330 088.3468 0008198 284.3323 075.6582 15.30873864 30457
1 39398U 13064U   14172.66510775  .00014848  00000-0  49162-3 0  9998
2 39398 040.5337 079.1087 0008265 292.2397 067.7528 15.30919597 30695
1 39398U 13064U   14173.12174524  .00013871  00000-0  45969-3 0  9994
2 39398 040.5330 076.4180 0008318 289.5261 070.4663 15.30926889 30761
1 39398U 13064U   14174.03500449  .00012102  00000-0  40189-3 0  9999
2 39398 040.5337 071.0266 0007885 295.5767 064.3943 15.30942912 30904
1 39398U 13064U   14175.07872778  .00010449  00000-0  34787-3 0  9990
2 39398 040.5342 064.8648 0008001 304.7851 055.2073 15.30959084 31061
1 39398U 13064U   14176.12243724  .00008544  00000-0  28570-3 0  9996
2 39398 040.5347 058.7038 0008249 311.7800 048.2087 15.30970768 31224
1 39398U 13064U   14177.10091157  .00007605  00000-0  25500-3 0  9993
2 39398 040.5348 052.9283 0008296 320.3482 039.6721 15.30982836 31371
1 39398U 13064U   14178.79690089  .00007459  00000-0  25006-3 0  9996
2 39398 040.5351 042.9184 0008152 330.8822 029.1541 15.31008640 31635
1 39398U 13064U   14179.97102719  .00008094  00000-0  27055-3 0  9997
2 39398 040.5333 035.9953 0007802 340.0939 019.9547 15.31030993 31813
1 39398U 13064U   14180.94944812  .00009375  00000-0  31197-3 0  9999
2 39398 040.5344 030.2114 0008024 343.4989 016.5583 15.31054390 31967
1 39398U 13064U   14181.92785779  .00010771  00000-0  35703-3 0  9992
2 39398 040.5348 024.4387 0007675 349.5350 010.5541 15.31081432 32111
1 39398U 13064U   14182.58011770  .00011842  00000-0  39160-3 0  9999
2 39398 040.5347 020.5891 0006940 352.9525 007.1436 15.31100856 32211
1 39398U 13064U   14183.81939301  .00014582  00000-0  47973-3 0  9990
2 39398 040.5342 013.2716 0006556 001.9131 358.2738 15.31148581 32401
1 39398U 13064U   14184.86294447  .00015922  00000-0  52235-3 0  9997
2 39398 040.5340 007.1081 0007378 011.9295 348.1850 15.31187039 32562
1 39398U 13064U   14185.51515640  .00017179  00000-0  56248-3 0  9995
2 39398 040.5349 003.2586 0007068 016.4391 343.6837 15.31215423 32666
1 39398U 13064U   14185.84124810  .00018387  00000-0  60119-3 0  9990
2 39398 040.5342 001.3399 0006143 013.5522 346.5449 15.31234049 32719
1 39398U 13064U   14186.75432066  .00020285  00000-0  66138-3 0  9993
2 39398 040.5335 355.9425 0006672 019.6434 340.5096 15.31279101 32850
1 39398U 13064U   14187.53692031  .00022795  00000-0  74115-3 0  9992
2 39398 040.5335 351.3266 0006163 029.2506 330.8886 15.31322675 32972
1 39398U 13064U   14188.64557449  .00023503  00000-0  76262-3 0  9991
2 39398 040.5336 344.7795 0005754 038.1178 322.0166 15.31377474 33146
1 39398U 13064U   14189.75418683  .00024819  00000-0  80322-3 0  9993
2 39398 040.5342 338.2298 0006247 044.5831 315.5517 15.31437839 33312
1 39398U 13064U   14190.66713152  .00026512  00000-0  85594-3 0  9992
2 39398 040.5342 332.8375 0006025 048.9225 311.2450 15.31492410 33457
1 39398U 13064U   14191.77565289  .00027842  00000-0  89653-3 0  9998
2 39398 040.5342 326.2893 0005848 059.7041 300.4358 15.31558872 33628
1 39398U 13064U   14193.66656640  .00027512  00000-0  88324-3 0  9998
2 39398 040.5357 315.1198 0005384 078.2052 281.9152 15.31662249 33913
1 39398U 13064U   14194.70978698  .00025107  00000-0  80578-3 0  9995
2 39398 040.5353 308.9565 0005286 086.7934 273.3285 15.31706371 34076
1 39398U 13064U   14195.49218031  .00024318  00000-0  77984-3 0  9990
2 39398 040.5358 304.3296 0005903 086.7002 273.4217 15.31741349 34197
1 39398U 13064U   14196.33975355  .00022418  00000-0  71903-3 0  9997
2 39398 040.5355 299.3241 0005339 100.0064 260.0915 15.31771032 34322
1 39398U 13064U   14196.60054912  .00019883  00000-0  63873-3 0  9993
2 39398 040.5358 297.7866 0005852 113.6129 246.4683 15.31767955 34365
1 39398U 13064U   14197.51331769  .00017608  00000-0  56624-3 0  9991
2 39398 040.5364 292.3819 0005530 091.3122 268.7927 15.31791920 34502
1 39398U 13064U   14197.57853231  .00006232  00000-0  19798-3 0  9992
2 39398 040.5311 292.0106 0005245 111.0533 249.1353 15.31781766 34513
1 39398U 13064U   14197.70891334  .00015445  00000-0  49771-3 0  9993
2 39398 040.5348 291.2326 0005190 107.5446 252.5820 15.31789687 34539
1 39398U 13064U   14198.68685837  .00012942  00000-0  41805-3 0  9999
2 39398 040.5350 285.4524 0005567 118.0447 242.0838 15.31807266 34686
1 39398U 13064U   14199.66479128  .00011192  00000-0  36235-3 0  9999
2 39398 040.5341 279.6782 0006092 136.2689 223.8543 15.31822447 34836
1 39398U 13064U   14200.44713017  .00009157  00000-0  29778-3 0  9998
2 39398 040.5339 275.0504 0005790 134.2151 225.8757 15.31829120 34958
1 39398U 13064U   14201.42505534  .00007568  00000-0  24728-3 0  9994
2 39398 040.5333 269.2669 0005546 140.9038 219.2032 15.31837927 35101
1 39398U 13064U   14202.40297151  .00006000  00000-0  19750-3 0  9995
2 39398 040.5326 263.4901 0005874 148.4108 211.6907 15.31843994 35257
1 39398U 13064U   14203.57646354  .00005004  00000-0  16582-3 0  9990
2 39398 040.5321 256.5583 0006262 160.4865 199.6191 15.31853161 35434
1 39398U 13064U   14205.14110058  .00005091  00000-0  16849-3 0  9994
2 39398 040.5332 247.3147 0006518 172.6274 187.4658 15.31870199 35672
1 39398U 13064U   14206.31456549  .00005229  00000-0  17278-3 0  9992
2 39398 040.5329 240.3796 0006608 181.4057 178.6722 15.31883424 35857
1 39398U 13064U   14207.35763743  .00005656  00000-0  18622-3 0  9992
2 39398 040.5326 234.2137 0006794 188.8233 171.2577 15.31897516 36011
1 39398U 13064U   14208.46588354  .00006880  00000-0  22486-3 0  9991
2 39398 040.5320 227.6614 0006493 195.1972 164.8673 15.31918164 36184
1 39398U 13064U   14209.44373828  .00008438  00000-0  27399-3 0  9997
2 39398 040.5307 221.8748 0006082 204.4039 155.6722 15.31940477 36337
1 39398U 13064U   14210.42157032  .00009673  00000-0  31275-3 0  9994
2 39398 040.5314 216.0963 0006713 210.9315 149.1135 15.31964335 36481
1 39398U 13064U   14211.33420285  .00010876  00000-0  35042-3 0  9991
2 39398 040.5322 210.7043 0007108 217.0996 142.9389 15.31989441 36625
1 39398U 13064U   14212.18163733  .00011814  00000-0  37972-3 0  9994
2 39398 040.5326 205.6958 0007367 219.6797 140.3699 15.32013450 36750
1 39398U 13064U   14213.15942127  .00013355  00000-0  42779-3 0  9997
2 39398 040.5324 199.9135 0007381 227.3521 132.6835 15.32046474 36902
1 39398U 13064U   14214.13718473  .00014831  00000-0  47365-3 0  9997
2 39398 040.5329 194.1382 0008082 231.0479 128.9849 15.32082092 37057
1 39398U 13064U   14214.33273160  .00016462  00000-0  52469-3 0  9991
2 39398 040.5323 192.9788 0007328 235.7487 124.3004 15.32097796 37082
1 39398U 13064U   14215.31045786  .00020280  00000-0  64330-3 0  9994
2 39398 040.5335 187.1999 0007843 237.7023 122.3660 15.32150359 37233
1 39398U 13064U   14216.28814640  .00022793  00000-0  72072-3 0  9997
2 39398 040.5327 181.4089 0007737 253.5554 106.4949 15.32204434 37381
1 39398U 13064U   14218.30859959  .00024600  00000-0  77450-3 0  9998
2 39398 040.5323 169.4664 0008203 258.1069 101.8809 15.32309295 37692
1 39398U 13064U   14220.19859970  .00023205  00000-0  72914-3 0  9991
2 39398 040.5311 158.2894 0008292 267.5353 092.4385 15.32393674 37988
1 39398U 13064U   14221.24132407  .00021692  00000-0  68139-3 0  9999
2 39398 040.5309 152.1219 0007997 278.0476 081.9371 15.32433188 38145
1 39398U 13064U   14222.08851435  .00019916  00000-0  62579-3 0  9999
2 39398 040.5311 147.1095 0007961 282.4125 077.5532 15.32459871 38276
1 39398U 13064U   14223.06602780  .00018281  00000-0  57454-3 0  9995
2 39398 040.5310 141.3289 0008220 288.7822 071.1844 15.32489055 38428
1 39398U 13064U   14224.04352258  .00015883  00000-0  49989-3 0  9995
2 39398 040.5323 135.5489 0008239 288.2928 071.6538 15.32510480 38579
1 39398U 13064U   14225.08617346  .00014354  00000-0  45220-3 0  9998
2 39398 040.5329 129.3795 0008166 298.2047 061.7637 15.32535058 38734
1 39398U 13064U   14226.06364021  .00013246  00000-0  41762-3 0  9992
2 39398 040.5335 123.5978 0008064 302.1861 057.7894 15.32556798 38886
1 39398U 13064U   14227.62755724  .00012509  00000-0  39432-3 0  9991
2 39398 040.5335 114.3448 0008087 311.9693 048.0364 15.32593952 39128
1 39398U 13064U   14228.08370611  .00006174  00000-0  19107-3 0  9998
2 39398 040.5297 111.6492 0008028 312.2327 047.8309 15.32595950 39190
1 39398U 13064U   14228.73531097  .00010986  00000-0  34700-3 0  9999
2 39398 040.5328 107.7865 0008298 320.3952 039.5993 15.32611652 39294
1 39398U 13064U   14229.97337519  .00009897  00000-0  31318-3 0  9990
2 39398 040.5327 100.4628 0007649 325.2024 034.8276 15.32633393 39482
1 39398U 13064U   14231.01593683  .00010163  00000-0  32115-3 0  9998
2 39398 040.5331 094.2915 0007768 334.1613 025.8871 15.32656233 39648
1 39398U 13064U   14232.51458502  .00011192  00000-0  35253-3 0  9993
2 39398 040.5324 085.4220 0007555 342.7938 017.2621 15.32692963 39873
1 39398U 13064U   14232.97068703  .00012363  00000-0  38843-3 0  9992
2 39398 040.5328 082.7203 0007879 349.3599 010.7138 15.32710100 39946
1 39398U 13064U   14233.81772428  .00013402  00000-0  42014-3 0  9992
2 39398 040.5327 077.7088 0007326 349.7907 010.3143 15.32737281 40071
1 39398U 13064U   14234.79505067  .00015116  00000-0  47238-3 0  9990
2 39398 040.5336 071.9228 0006825 356.8544 003.2796 15.32774524 40225
1 39398U 13064U   14235.70719296  .00016602  00000-0  51742-3 0  9999
2 39398 040.5335 066.5229 0007302 003.7116 356.3841 15.32810025 40364
1 39398U 13064U   14236.94507991  .00017008  00000-0  52923-3 0  9996
2 39398 040.5342 059.1987 0006495 011.7735 348.3237 15.32853371 40551
1 39398U 13064U   14239.48590372  .00023216  00000-0  71085-3 0  9991
2 39398 040.5294 044.1680 0006033 030.7804 329.3870 15.32950483 40944
1 39398U 13064U   14240.91908890  .00118033  00000-0  36025-2 0  9995
2 39398 040.5295 035.6833 0005696 042.4763 317.6999 15.33054078 41161
1 39398U 13064U   14241.44023332  .00023183  00000-0  71388-3 0  9996
2 39398 040.5333 032.5908 0006225 047.1322 313.0260 15.33053390 41241
1 39398U 13064U   14241.63565614  .00024561  00000-0  75540-3 0  9996
2 39398 040.5339 031.4383 0005773 049.7745 310.4035 15.33071165 41270
1 39398U 13064U   14242.67789633  .00026735  00000-0  81985-3 0  9995
2 39398 040.5339 025.2683 0005080 065.6853 294.4920 15.33134648 41430
1 39398U 13064U   14243.72010063  .00026099  00000-0  79934-3 0  9990
2 39398 040.5345 019.0995 0004865 079.2822 280.8513 15.33185202 41597
1 39398U 13064U   14244.43659874  .00024351  00000-0  74563-3 0  9990
2 39398 040.5331 014.8478 0005838 067.2035 292.8937 15.33214034 41707
1 39398U 13064U   14245.73930175  .00022748  00000-0  69599-3 0  9991
2 39398 040.5344 007.1337 0005534 081.8822 278.2626 15.33268171 41905
1 39398U 13064U   14247.36760098  .00022206  00000-0  67809-3 0  9998
2 39398 040.5349 357.4892 0005578 094.5819 265.5615 15.33338972 42154
1 39398U 13064U   14248.60505595  .00022027  00000-0  67155-3 0  9990
2 39398 040.5343 350.1587 0005573 104.8928 255.2426 15.33392889 42344
1 39398U 13064U   14249.64708854  .00022304  00000-0  67885-3 0  9996
2 39398 040.5356 343.9865 0005592 115.9591 244.1798 15.33440888 42507
1 39398U 13064U   14251.14494756  .00023840  00000-0  72328-3 0  9991
2 39398 040.5349 335.1116 0005423 125.1307 235.0059 15.33517132 42733
1 39398U 13064U   14252.18688828  .00025159  00000-0  76138-3 0  9999
2 39398 040.5358 328.9365 0005538 134.9988 225.1373 15.33574861 42897
1 39398U 13064U   14253.29390786  .00025751  00000-0  77763-3 0  9998
2 39398 040.5346 322.3795 0005660 145.1065 215.0058 15.33633700 43061
1 39398U 13064U   14254.40089110  .00025656  00000-0  77340-3 0  9993
2 39398 040.5345 315.8170 0005754 153.2377 206.8743 15.33690186 43233
1 39398U 13064U   14256.09383599  .00027055  00000-0  81248-3 0  9995
2 39398 040.5339 305.7826 0006587 167.1351 192.9796 15.33785800 43492
1 39398U 13064U   14256.35427689  .00028782  00000-0  86287-3 0  9999
2 39398 040.5339 304.2420 0007383 167.1055 193.0510 15.33810992 43534
1 39398U 13064U   14257.33089606  .00034872  00000-0  10405-2 0  9996
2 39398 040.5335 298.4520 0006614 174.2328 185.9337 15.33897477 43689
1 39398U 13064U   14258.50276872  .00034782  00000-0  10351-2 0  9999
2 39398 040.5337 291.5045 0007024 182.8651 177.2097 15.33977787 43867
1 39398U 13064U   14259.15379054  .00033561  00000-0  99816-3 0  9995
2 39398 040.5341 287.6436 0006254 180.8239 179.2012 15.34015129 43960
1 39398U 13064U   14260.13030909  .00029402  00000-0  87473-3 0  9993
2 39398 040.5318 281.8478 0005536 195.0116 164.9850 15.34056677 44112
1 39398U 13064U   14260.39071921  .00026401  00000-0  78623-3 0  9993
2 39398 040.5325 280.3079 0006466 196.0033 164.0327 15.34059732 44152
1 39398U 13064U   14262.08326469  .00026468  00000-0  78586-3 0  9992
2 39398 040.5326 270.2702 0006912 208.0899 151.9646 15.34149923 44414
1 39398U 13064U   14263.32005356  .00027604  00000-0  81732-3 0  9999
2 39398 040.5324 262.9340 0006849 216.7007 143.3539 15.34222678 44600
1 39398U 13064U   14264.29642153  .00028663  00000-0  84657-3 0  9993
2 39398 040.5320 257.1439 0007479 221.2512 138.7941 15.34282625 44752
1 39398U 13064U   14265.33784186  .00028444  00000-0  83864-3 0  9998
2 39398 040.5326 250.9633 0007360 228.6720 131.3452 15.34340742 44915
1 39398U 13064U   14266.31414585  .00026980  00000-0  79467-3 0  9997
2 39398 040.5320 245.1745 0007965 229.2826 130.7279 15.34387780 45064
1 39398U 13064U   14266.31414585  .00026980  00000-0  79467-3 0  9997
2 39398 040.5320 245.1745 0007965 229.2826 130.7279 15.34387780 45064
1 39398U 13064U   14267.16024762  .00025471  00000-0  74982-3 0  9996
2 39398 040.5324 240.1515 0007926 238.6791 121.3073 15.34427006 45198
1 39398U 13064U   14268.91745207  .00028643  00000-0  83914-3 0  9993
2 39398 040.5325 229.7204 0007584 250.5435 109.4754 15.34537891 45462
1 39398U 13064U   14269.17776477  .00029834  00000-0  87283-3 0  9991
2 39398 040.5328 228.1786 0008389 248.9893 111.0525 15.34560285 45509
1 39398U 13064U   14269.89360620  .00032138  00000-0  93780-3 0  9999
2 39398 040.5319 223.9251 0008482 252.4333 107.5939 15.34614422 45616
1 39398U 13064U   14270.86971576  .00034113  00000-0  99252-3 0  9991
2 39398 040.5317 218.1381 0008021 257.5176 102.4918 15.34689067 45768
1 39398U 13064U   14271.26014194  .00035734  00000-0  10380-2 0  9994
2 39398 040.5319 215.8169 0007964 267.3783 092.6181 15.34724955 45821
1 39398U 13064U   14272.10604972  .00037447  00000-0  10846-2 0  9997
2 39398 040.5321 210.7947 0008350 270.2501 089.7674 15.34795023 45955
1 39398U 13064U   14272.88685052  .00039395  00000-0  11379-2 0  9996
2 39398 040.5323 206.1643 0008419 269.6293 090.3949 15.34863069 46078
1 39398U 13064U   14274.12304514  .00041616  00000-0  11973-2 0  9995
2 39398 040.5319 198.8232 0008117 278.2545 081.7634 15.34973343 46268
1 39398U 13064U   14275.16398263  .00043947  00000-0  12594-2 0  9993
2 39398 040.5312 192.6368 0008499 289.9607 070.0713 15.35072984 46423
1 39398U 13064U   14276.07474559  .00045591  00000-0  13023-2 0  9992
2 39398 040.5314 187.2305 0008520 290.4151 069.6171 15.35161284 46561
1 39398U 13064U   14277.11555295  .00046486  00000-0  13234-2 0  9993
2 39398 040.5304 181.0470 0008461 297.1994 062.8090 15.35260163 46727
1 39398U 13064U   14279.06690158  .00045024  00000-0  12754-2 0  9990
2 39398 040.5314 169.4514 0008207 303.6114 056.3523 15.35430121 47028
1 39398U 13064U   14280.10754883  .00044213  00000-0  12491-2 0  9990
2 39398 040.5328 163.2663 0008387 314.5902 045.4246 15.35518211 47180
1 39398U 13064U   14281.08309335  .00042785  00000-0  12063-2 0  9993
2 39398 040.5320 157.4766 0007925 312.5898 047.4258 15.35595889 47338
1 39398U 13064U   14282.05859633  .00032313  00000-0  91160-3 0  9994
2 39398 040.5282 151.6810 0007942 315.4538 044.5638 15.35673618 47475
1 39398U 13064U   14283.94441207  .00029094  00000-0  81771-3 0  9996
2 39398 040.5279 140.4692 0007704 326.7293 033.3036 15.35830034 47761
1 39398U 13064U   14284.98478573  .00027689  00000-0  77677-3 0  9995
2 39398 040.5281 134.2818 0007472 332.9869 027.0555 15.35908647 47925
1 39398U 13064U   14286.74031017  .00022750  00000-0  63767-3 0  9998
2 39398 040.5282 123.8407 0007184 344.6799 015.3797 15.36013173 48196
1 39398U 13064U   14287.91059329  .00025676  00000-0  71656-3 0  9990
2 39398 040.5283 116.8802 0007018 352.9359 007.1355 15.36101445 48377
1 39398U 13064U   14291.48604779  .00021495  00000-0  59655-3 0  9992
2 39398 040.5282 095.6094 0006576 019.5217 340.5848 15.36348700 48929
1 39398U 13064U   14291.81105942  .00040580  00000-0  11167-2 0  9998
2 39398 040.5281 093.6746 0006538 021.5267 338.5822 15.36379280 48977
1 39398U 13064U   14294.73587644  .00060567  00000-0  16452-2 0  9994
2 39398 040.5289 076.2649 0006208 042.7130 317.4167 15.36645370 49427
1 39398U 13064U   14295.77567894  .00053916  00000-0  14614-2 0  9992
2 39398 040.5293 070.0732 0006096 051.0900 309.0457 15.36754116 49585
1 39398U 13064U   14297.46520234  .00048040  00000-0  12966-2 0  9997
2 39398 040.5295 060.0121 0006122 064.2844 295.8602 15.36925392 49840
1 39398U 13064U   14297.72511222  .00058097  00000-0  15631-2 0  9998
2 39398 040.5296 058.4643 0006145 066.1240 294.0219 15.36956505 49886
1 39398U 13064U   14299.34943293  .00060535  00000-0  16183-2 0  9998
2 39398 040.5295 048.7884 0006217 079.3952 280.7562 15.37139082 50137
1 39398U 13064U   14301.68810437  .00062046  00000-0  16427-2 0  9992
2 39398 040.5291 034.8526 0006345 098.5699 261.5835 15.37428437 50499
1 39398U 13064U   14302.66242417  .00048285  00000-0  12773-2 0  9997
2 39398 040.5292 029.0445 0006406 106.7941 253.3577 15.37541994 50649
1 39398U 13064U   14303.63667698  .00038531  00000-0  10188-2 0  9998
2 39398 040.5294 023.2359 0006501 115.0226 245.1265 15.37632574 50790
1 39398U 13064U   14304.61087257  .00045072  00000-0  11861-2 0  9991
2 39398 040.5296 017.4272 0006620 122.6491 237.4964 15.37724965 50944
1 39398U 13064U   14306.55909361  .00031211  00000-0  82006-3 0  9995
2 39398 040.5298 005.8088 0006886 137.2796 222.8556 15.37897307 51246
1 39398U 13064U   14307.53312512  .00038068  00000-0  99570-3 0  9991
2 39398 040.5296 359.9988 0007088 144.3414 215.7875 15.37966512 51393
1 39398U 13064U   14309.41611053  .00040428  00000-0  10506-2 0  9996
2 39398 040.5292 348.7651 0007492 157.5330 202.5814 15.38142429 51687
1 39398U 13064U   14310.45490237  .00040375  00000-0  10460-2 0  9991
2 39398 040.5290 342.5661 0007719 164.7729 195.3319 15.38235107 51845
1 39398U 13064U   14311.42871166  .00041152  00000-0  10626-2 0  9991
2 39398 040.5290 336.7542 0007908 171.3273 188.7680 15.38328979 51999
1 39398U 13064U   14311.49363014  .00041159  00000-0  10626-2 0  9993
2 39398 040.5290 336.3666 0007906 171.8122 188.2823 15.38334344 52019
1 39398U 13064U   14312.40246062  .00042535  00000-0  10945-2 0  9991
2 39398 040.5291 330.9417 0008127 177.9272 182.1578 15.38422273 52146
1 39398U 13064U   14314.41468781  .00056251  00000-0  14338-2 0  9998
2 39398 040.5294 318.9277 0008561 190.7431 169.3203 15.38612513 52455
1 39398U 13064U   14315.38824705  .00048420  00000-0  12316-2 0  9990
2 39398 040.5292 313.1143 0008743 196.8966 163.1559 15.38727006 52601
1 39398U 13064U   14318.30854406  .00039850  00000-0  10054-2 0  9990
2 39398 040.5286 295.6696 0009225 213.6742 146.3488 15.39037086 53054
1 39398U 13064U   14319.99555801  .00071821  00000-0  17889-2 0  9990
2 39398 040.5285 285.5883 0009557 223.1473 136.8594 15.39217915 53316
1 39398U 13064U   14321.09848221  .00071261  00000-0  17666-2 0  9996
2 39398 040.5286 278.9957 0009712 229.5610 130.4359 15.39363066 53487
1 39398U 13064U   14322.26617671  .00066022  00000-0  16309-2 0  9991
2 39398 040.5286 272.0139 0009883 235.9468 124.0409 15.39498460 53667
1 39398U 13064U   14323.23917538  .00062673  00000-0  15431-2 0  9997
2 39398 040.5286 266.1954 0009965 241.3054 118.6760 15.39616561 53819
1 39398U 13064U   14325.18495413  .00063237  00000-0  15443-2 0  9996
2 39398 040.5284 254.5578 0010034 251.9195 108.0528 15.39860515 54111
1 39398U 13064U   14326.22257969  .00058145  00000-0  14156-2 0  9996
2 39398 040.5279 248.3504 0010060 257.6924 102.2765 15.39983442 54278
1 39398U 13064U   14327.84370670  .00052176  00000-0  12640-2 0  9994
2 39398 040.5278 238.6489 0010067 267.2274 092.7390 15.40170889 54523
1 39398U 13064U   14329.07562925  .00048349  00000-0  11666-2 0  9991
2 39398 040.5275 231.2743 0010079 274.0663 085.9001 15.40318159 54711
1 39398U 13064U   14330.11294983  .00048727  00000-0  11713-2 0  9997
2 39398 040.5272 225.0632 0010058 279.9690 079.9991 15.40429456 54878
1 39398U 13064U   14331.08536762  .00056536  00000-0  13521-2 0  9994
2 39398 040.5270 219.2398 0009990 285.4248 074.5464 15.40532949 55020
1 39398U 13064U   14332.83554312  .00058427  00000-0  13871-2 0  9998
2 39398 040.5268 208.7572 0009803 295.9898 063.9908 15.40744858 55292
1 39398U 13064U   14333.87257122  .00057763  00000-0  13657-2 0  9996
2 39398 040.5266 202.5439 0009706 302.1018 057.8856 15.40873771 55450
1 39398U 13064U   14334.97432153  .00064956  00000-0  15272-2 0  9994
2 39398 040.5265 195.9422 0009620 308.5299 051.4655 15.41001263 55628
1 39398U 13064U   14335.68716791  .00057607  00000-0  13526-2 0  9991
2 39398 040.5263 191.6698 0009533 312.8096 047.1918 15.41085246 55739
1 39398U 13064U   14336.65916692  .00057033  00000-0  13339-2 0  9996
2 39398 040.5261 185.8433 0009442 318.9614 041.0491 15.41206962 55886
1 39398U 13064U   14337.95504903  .00056977  00000-0  13260-2 0  9997
2 39398 040.5260 178.0731 0009269 327.5669 032.4577 15.41357887 56088
1 39398U 13064U   14339.83386295  .00054822  00000-0  12679-2 0  9998
2 39398 040.5258 166.8047 0008991 340.1584 019.8881 15.41561538 56377
1 39398U 13064U   14340.93512317  .00057861  00000-0  13321-2 0  9998
2 39398 040.5257 160.1987 0008886 347.5243 012.5353 15.41680216 56540
1 39398U 13064U   14342.55446527  .00051770  00000-0  11867-2 0  9993
2 39398 040.5260 150.4821 0008614 358.9904 001.0894 15.41851254 56794
1 39398U 13064U   14343.84980970  .00046156  00000-0  10547-2 0  9997
2 39398 040.5264 142.7077 0008422 008.1975 351.8978 15.41986004 56997
1 39398U 13064U   14344.49743981  .00045758  00000-0  10431-2 0  9997
2 39398 040.5264 138.8203 0008347 013.2872 346.8163 15.42061029 57097
1 39398U 13064U   14345.79261818  .00046684  00000-0  10593-2 0  9993
2 39398 040.5267 131.0456 0008322 023.2736 336.8456 15.42192811 57298
1 39398U 13064U   14346.82868012  .00054880  00000-0  12379-2 0  9998
2 39398 040.5266 124.8251 0008290 031.1325 328.9981 15.42315163 57456
1 39398U 13064U   14348.38260670  .00058811  00000-0  13169-2 0  9993
2 39398 040.5266 115.4925 0008182 043.1433 317.0024 15.42509800 57699
1 39398U 13064U   14348.77105688  .00065224  00000-0  14559-2 0  9993
2 39398 040.5267 113.1592 0008211 045.9269 314.2222 15.42566746 57753
1 39398U 13064U   14349.74211919  .00073387  00000-0  16278-2 0  9995
2 39398 040.5268 107.3250 0008224 053.2364 306.9206 15.42710650 57904
1 39398U 13064U   14351.48980326  .00070730  00000-0  15568-2 0  9994
2 39398 040.5272 096.8223 0008281 067.1745 292.9945 15.42953564 58178
1 39398U 13064U   14352.65476843  .00068267  00000-0  14946-2 0  9999
2 39398 040.5276 089.8194 0008372 076.4438 283.7311 15.43124054 58354
1 39398U 13064U   14353.62547584  .00070749  00000-0  15409-2 0  9991
2 39398 040.5276 083.9827 0008436 084.2213 275.9566 15.43264451 58509
1 39398U 13064U   14354.66079713  .00075810  00000-0  16411-2 0  9998
2 39398 040.5276 077.7561 0008530 092.7388 267.4406 15.43417543 58665
1 39398U 13064U   14356.21357682  .00095218  00000-0  20368-2 0  9995
2 39398 040.5275 068.4143 0008685 104.9074 255.2705 15.43675027 58903
1 39398U 13064U   14356.60172974  .00078265  00000-0  16745-2 0  9994
2 39398 040.5275 066.0784 0008719 108.0289 252.1479 15.43749843 58967
1 39398U 13064U   14357.50735653  .00083512  00000-0  17779-2 0  9992
2 39398 040.5274 060.6281 0008866 114.7960 245.3780 15.43869357 59100
1 39398U 13064U   14358.54226650  .00073623  00000-0  15618-2 0  9991
2 39398 040.5272 054.3980 0009014 122.9106 237.2579 15.44022187 59269
1 39398U 13064U   14359.57707995  .00061705  00000-0  13055-2 0  9992
2 39398 040.5273 048.1673 0009233 130.9447 229.2170 15.44163036 59425
1 39398U 13064U   14361.19379822  .00062229  00000-0  13073-2 0  9999
2 39398 040.5277 038.4303 0009551 143.4320 216.7150 15.44365194 59678
1 39398U 13064U   14362.16373046  .00054223  00000-0  11370-2 0  9992
2 39398 040.5279 032.5873 0009748 150.7961 209.3403 15.44465172 59820
1 39398U 13064U   14363.45687690  .00053824  00000-0  11232-2 0  9991
2 39398 040.5278 024.7961 0010034 160.1446 199.9763 15.44606743 60021
1 39398U 13064U   14364.49130641  .00051040  00000-0  10611-2 0  9993
2 39398 040.5276 018.5626 0010261 167.3438 192.7639 15.44732346 60189
1 39398U 13064U   14365.07313706  .00049852  00000-0  10349-2 0  9999
2 39398 040.5275 015.0557 0010437 171.3886 188.7112 15.44780934 60277
1 39398U 13064U   15001.36602491  .00051158  00000-0  10574-2 0  9993
2 39398 040.5276 007.2624 0010760 180.2966 179.7847 15.44895931 60474
1 39398U 13064U   15002.33563044  .00045508  00000-0  93935-3 0  9996
2 39398 040.5276 001.4168 0010930 187.0180 173.0486 15.44972349 60627
1 39398U 13064U   15003.36982056  .00050988  00000-0  10474-2 0  9992
2 39398 040.5276 355.1809 0011184 193.9714 166.0796 15.45072733 60781
1 39398U 13064U   15004.14541757  .00048169  00000-0  98781-3 0  9994
2 39398 040.5277 350.5038 0011363 198.9548 161.0848 15.45139596 60902
1 39398U 13064U   15005.30874288  .00059082  00000-0  12029-2 0  9997
2 39398 040.5277 343.4874 0011597 206.1841 153.8392 15.45277751 61087
1 39398U 13064U   15005.95498788  .00051241  00000-0  10426-2 0  9993
2 39398 040.5276 339.5892 0011742 210.2822 149.7318 15.45342849 61183
1 39398U 13064U   15006.92430831  .00061810  00000-0  12512-2 0  9997
2 39398 040.5271 333.7426 0011347 218.7768 141.2735 15.45468000 61335
1 39398U 13064U   15007.31200783  .00046089  00000-0  93313-3 0  9992
2 39398 040.5276 331.4024 0012004 218.9182 141.0772 15.45519364 61397
1 39398U 13064U   15008.21659905  .00062449  00000-0  12557-2 0  9994
2 39398 040.5276 325.9437 0012174 224.6147 135.3691 15.45614601 61538
1 39398U 13064U   15009.25033969  .00070317  00000-0  14047-2 0  9994
2 39398 040.5275 319.7043 0012361 230.6539 129.3183 15.45759503 61698
1 39398U 13064U   15009.89638463  .00053566  00000-0  10709-2 0  9992
2 39398 040.5272 315.8045 0012410 234.6475 125.3183 15.45831537 61797
1 39398U 13064U   15011.18838075  .00059438  00000-0  11806-2 0  9991
2 39398 040.5269 308.0044 0012516 242.3661 117.5886 15.45983493 61990
1 39398U 13064U   15012.22188169  .00058454  00000-0  11560-2 0  9993
2 39398 040.5269 301.7629 0012625 248.6391 111.3080 15.46114559 62156
1 39398U 13064U   15013.83655608  .00059793  00000-0  11740-2 0  9995
2 39398 040.5269 292.0091 0012747 258.4068 101.5319 15.46313481 62405
1 39398U 13064U   15015.12814567  .00061158  00000-0  11940-2 0  9990
2 39398 040.5265 284.2057 0012748 266.3070 093.6290 15.46470238 62603
1 39398U 13064U   15016.16132781  .00054441  00000-0  10602-2 0  9997
2 39398 040.5262 277.9622 0012716 272.7023 087.2340 15.46583115 62762
1 39398U 13064U   15017.77552683  .00042368  00000-0  82268-3 0  9995
2 39398 040.5258 268.2049 0012665 282.5951 077.3450 15.46751898 63011
1 39398U 13064U   15019.06676980  .00045850  00000-0  88580-3 0  9998
2 39398 040.5255 260.3980 0012603 291.0015 068.9454 15.46872542 63215
1 39398U 13064U   15020.80979577  .00032635  00000-0  62979-3 0  9991
2 39398 040.5248 249.8572 0012381 302.3280 057.6339 15.47022099 63480
1 39398U 13064U   15021.06800747  .00038950  00000-0  74960-3 0  9991
2 39398 040.5246 248.2957 0012369 303.9885 055.9758 15.47041182 63527
1 39398U 13064U   15021.97172383  .00047979  00000-0  91857-3 0  9994
2 39398 040.5246 242.8293 0012261 309.9709 050.0032 15.47123201 63661
1 39398U 13064U   15023.00447980  .00039936  00000-0  76390-3 0  9997
2 39398 040.5246 236.5812 0012145 316.7310 043.2554 15.47212052 63827
1 39398U 13064U   15024.81166721  .00034509  00000-0  65807-3 0  9990
2 39398 040.5247 225.6464 0011867 329.1051 030.9068 15.47353638 64101
1 39398U 13064U   15025.90881065  .00035005  00000-0  66547-3 0  9990
2 39398 040.5247 219.0075 0011714 336.9116 023.1175 15.47439481 64277
1 39398U 13064U   15026.55415927  .00039565  00000-0  74922-3 0  9993
2 39398 040.5246 215.1017 0011639 341.4176 018.6216 15.47511418 64379
1 39398U 13064U   15027.58665574  .00050270  00000-0  94606-3 0  9999
2 39398 040.5245 208.8518 0011505 348.6003 011.4553 15.47611387 64532
1 39398U 13064U   15027.90929667  .00053465  00000-0  10039-2 0  9997
2 39398 040.5244 206.8988 0011476 350.8333 009.2274 15.47656415 64589
1 39398U 13064U   15027.90930523  .00084449  00000-0  15851-2 0  9993
2 39398 040.5245 206.8982 0011402 352.0144 008.1004 15.47648159 64582
1 39398U 13064U   15029.52237927  .00065312  00000-0  12165-2 0  9994
2 39398 040.5242 197.1315 0011302 002.6362 357.4514 15.47821605 64833
1 39398U 13064U   15030.49013363  .00069267  00000-0  12832-2 0  9992
2 39398 040.5242 191.2706 0011242 009.7952 350.3084 15.47956470 64987
1 39398U 13064U   15031.84485345  .00061230  00000-0  11285-2 0  9998
2 39398 040.5243 183.0645 0011183 020.0022 340.1234 15.48147440 65195
1 39398U 13064U   15032.61890285  .00071870  00000-0  13170-2 0  9993
2 39398 040.5246 178.3746 0011142 025.7026 334.4345 15.48256021 65317
1 39398U 13064U   15033.77986274  .00083223  00000-0  15114-2 0  9990
2 39398 040.5248 171.3388 0011104 034.3576 325.7959 15.48457344 65492
1 39398U 13064U   15034.74721633  .00068970  00000-0  12486-2 0  9995
2 39398 040.5251 165.4751 0011073 041.7822 318.3841 15.48618116 65646
1 39398U 13064U   15035.77895145  .00082557  00000-0  14827-2 0  9997
2 39398 040.5251 159.2196 0011085 049.8175 310.3613 15.48778141 65805
1 39398U 13064U   15037.39081632  .00084194  00000-0  14980-2 0  9994
2 39398 040.5250 149.4436 0011079 062.5069 297.6874 15.49037210 66059
1 39398U 13064U   15038.61565066  .00086703  00000-0  15307-2 0  9990
2 39398 040.5249 142.0122 0011130 072.0736 288.1296 15.49245508 66248
1 39398U 13064U   15039.64696187  .00077738  00000-0  13657-2 0  9997
2 39398 040.5247 135.7533 0011183 080.4053 279.8029 15.49426160 66408
1 39398U 13064U   15040.29146898  .00091257  00000-0  15933-2 0  9990
2 39398 040.5246 131.8406 0011243 085.4078 274.8025 15.49538263 66502
1 39398U 13064U   15040.48481150  .00078972  00000-0  13804-2 0  9998
2 39398 040.5246 130.6669 0011256 087.0111 273.1996 15.49562354 66530
1 39398U 13064U   15040.61370532  .00079424  00000-0  13869-2 0  9998
2 39398 040.5246 129.8843 0011278 088.0126 272.1984 15.49588206 66557
1 39398U 13064U   15042.22472188  .00081339  00000-0  14069-2 0  9998
2 39398 040.5248 120.1008 0011416 101.0019 259.2085 15.49846424 66802
1 39398U 13064U   15042.54690240  .00081509  00000-0  14134-2 0  9996
2 39398 040.5246 118.1465 0011017 103.0115 257.2441 15.49902870 66857
1 39398U 13064U   15042.61132760  .00068621  00000-0  11870-2 0  9996
2 39398 040.5249 117.7524 0011450 104.0404 256.1688 15.49906704 66866
1 39398U 13064U   15044.15760986  .00066845  00000-0  11481-2 0  9998
2 39398 040.5251 108.3584 0011657 116.2566 243.9453 15.50113225 67106
1 39398U 13064U   15049.43923702  .00076065  00000-0  12701-2 0  9992
2 39398 040.5245 076.2487 0012826 156.3787 203.7623 15.50844104 67923
1 39398U 13064U   15050.14754958  .00068498  00000-0  11415-2 0  9999
2 39398 040.5246 071.9395 0012979 161.6882 198.4407 15.50934505 68036
1 39398U 13064U   15051.11336072  .00059002  00000-0  98063-3 0  9996
2 39398 040.5248 066.0627 0013231 168.8862 191.2252 15.51056682 68187
1 39398U 13064U   15051.43528937  .00061106  00000-0  10143-2 0  9994
2 39398 040.5247 064.1057 0012804 172.0148 188.1382 15.51102552 68234
1 39398U 13064U   15052.07909564  .00067736  00000-0  11187-2 0  9998
2 39398 040.5251 060.1854 0013520 175.6723 184.4215 15.51181973 68333
1 39398U 13064U   15053.17349728  .00072988  00000-0  11980-2 0  9996
2 39398 040.5254 053.5243 0013812 183.2379 176.8353 15.51323760 68509
1 39398U 13064U   15054.07469199  .00071074  00000-0  11618-2 0  9994
2 39398 040.5256 048.0382 0014031 189.4079 170.6479 15.51444464 68644
1 39398U 13064U   15054.39653145  .00077694  00000-0  12660-2 0  9997
2 39398 040.5255 046.0789 0014115 191.6289 168.4207 15.51498877 68699
1 39398U 13064U   15055.04017691  .00087325  00000-0  14150-2 0  9998
2 39398 040.5256 042.1593 0014266 196.0092 164.0278 15.51607995 68792
1 39398U 13064U   15056.13426661  .00071040  00000-0  11470-2 0  9999
2 39398 040.5255 035.4954 0014518 203.4626 156.5533 15.51780361 68961
1 39398U 13064U   15057.16389458  .00070413  00000-0  11309-2 0  9999
2 39398 040.5254 029.2230 0014751 210.2969 149.6999 15.51926057 69125
1 39398U 13064U   15058.32211710  .00065088  00000-0  10410-2 0  9997
2 39398 040.5252 022.1630 0014793 218.7561 141.2198 15.52069100 69303
1 39398U 13064U   15059.22288350  .00076667  00000-0  12185-2 0  9997
2 39398 040.5254 016.6729 0015015 224.7330 135.2279 15.52182098 69441
1 39398U 13064U   15060.18790927  .00101827  00000-0  16026-2 0  9997
2 39398 040.5258 010.7899 0015191 231.1448 128.8017 15.52338968 69598
1 39398U 13064U   15060.89552458  .00079588  00000-0  12508-2 0  9999
2 39398 040.5258 006.4757 0015258 235.9852 123.9519 15.52475228 69705
1 39398U 13064U   15061.21714803  .00094990  00000-0  14859-2 0  9995
2 39398 040.5257 004.5139 0015356 237.4349 122.4988 15.52534042 69753
1 39398U 13064U   15061.86035410  .00102086  00000-0  15871-2 0  9997
2 39398 040.5259 000.5915 0015404 241.6348 118.2919 15.52673370 69859
1 39398U 13064U   15062.24625241  .00089086  00000-0  13844-2 0  9999
2 39398 040.5257 358.2373 0015516 243.8734 116.0490 15.52738736 69910
1 39398U 13064U   15063.85398831  .00087573  00000-0  13475-2 0  9998
2 39398 040.5259 348.4282 0015782 254.3253 105.5827 15.53013206 70165
1 39398U 13064U   15064.81850095  .00075848  00000-0  11631-2 0  9994
2 39398 040.5258 342.5416 0015896 260.4732 099.4292 15.53158838 70319
1 39398U 13064U   15065.78291792  .00080099  00000-0  12201-2 0  9992
2 39398 040.5255 336.6544 0015932 266.6038 093.2960 15.53322038 70465
1 39398U 13064U   15066.10436732  .00099947  00000-0  15145-2 0  9996
2 39398 040.5255 334.6912 0015979 268.2601 091.6390 15.53378225 70511
1 39398U 13064U   15066.81151228  .00082372  00000-0  12457-2 0  9995
2 39398 040.5253 330.3733 0015988 273.1160 086.7831 15.53509134 70620
1 39398U 13064U   15067.77570719  .00088312  00000-0  13257-2 0  9990
2 39398 040.5249 324.4838 0015992 279.0927 080.8084 15.53685025 70771
1 39398U 13064U   15068.73979955  .00073274  00000-0  10966-2 0  9997
2 39398 040.5247 318.5934 0016017 285.4276 074.4775 15.53837348 70927
1 39398U 13064U   15070.02512075  .00074411  00000-0  11063-2 0  9991
2 39398 040.5244 310.7381 0015941 293.5995 066.3152 15.54013608 71125
1 39398U 13064U   15071.69581434  .00072468  00000-0  10681-2 0  9995
2 39398 040.5242 300.5244 0015906 304.2115 055.7198 15.54260561 71385
1 39398U 13064U   15072.98077721  .00072941  00000-0  10676-2 0  9997
2 39398 040.5239 292.6662 0015782 312.7344 047.2148 15.54450945 71586
1 39398U 13064U   15074.00863685  .00074958  00000-0  10908-2 0  9992
2 39398 040.5234 286.3795 0015733 319.7278 040.2376 15.54599546 71742
1 39398U 13064U   15075.80715144  .00077059  00000-0  11101-2 0  9998
2 39398 040.5230 275.3743 0015529 331.5252 028.4720 15.54868155 72024
1 39398U 13064U   15076.57784871  .00137559  00000-0  19535-2 0  9997
2 39398 040.5227 270.6572 0015467 337.0069 023.0059 15.55010862 72140
1 39398U 13064U   15076.89894586  .00158088  00000-0  22311-2 0  9993
2 39398 040.5226 268.6912 0015337 339.2509 020.7688 15.55106127 72190
1 39398U 13064U   15077.86211041  .00146244  00000-0  20457-2 0  9990
2 39398 040.5222 262.7932 0015201 345.8179 014.2214 15.55392541 72346
1 39398U 13064U   15078.88935671  .00080059  00000-0  11244-2 0  9990
2 39398 040.5222 256.5002 0014970 353.0151 007.0459 15.55552303 72501
1 39398U 13064U   15079.53133100  .00073568  00000-0  10311-2 0  9991
2 39398 040.5223 252.5670 0014970 357.9081 002.1675 15.55638789 72604
1 39398U 13064U   15080.81515270  .00079237  00000-0  11014-2 0  9996
2 39398 040.5224 244.6987 0014682 007.3347 352.7686 15.55840757 72807
1 39398U 13064U   15081.84208556  .00095807  00000-0  13195-2 0  9999
2 39398 040.5229 238.4037 0014579 014.5737 345.5503 15.56018725 72965
1 39398U 13064U   15083.44641903  .00083970  00000-0  11457-2 0  9991
2 39398 040.5228 228.5664 0014522 026.1911 333.9643 15.56322492 73215
1 39398U 13064U   15083.76724779  .00108794  00000-0  14753-2 0  9993
2 39398 040.5226 226.5984 0014431 028.6750 331.4863 15.56385663 73264
1 39398U 13064U   15085.43533908  .00095050  00000-0  12754-2 0  9990
2 39398 040.5223 216.3643 0014346 041.0723 319.1176 15.56725931 73529
1 39398U 13064U   15085.69193611  .00109495  00000-0  14633-2 0  9998
2 39398 040.5223 214.7891 0014252 043.0549 317.1385 15.56777216 73567
1 39398U 13064U   15086.71823254  .00116252  00000-0  15390-2 0  9995
2 39398 040.5224 208.4892 0014185 050.7369 309.4709 15.57004425 73727
1 39398U 13064U   15087.74437607  .00126651  00000-0  16596-2 0  9995
2 39398 040.5220 202.1878 0014177 058.6607 301.5600 15.57237985 73880
1 39398U 13064U   15088.64211600  .00139031  00000-0  18025-2 0  9993
2 39398 040.5221 196.6727 0014116 065.4412 294.7880 15.57477225 74027
1 39398U 13064U   15089.66793207  .00121500  00000-0  15636-2 0  9991
2 39398 040.5221 190.3683 0014047 073.3921 286.8443 15.57740549 74181
1 39398U 13064U   15090.30898547  .00110052  00000-0  14109-2 0  9991
2 39398 040.5222 186.4278 0014086 077.9795 282.2605 15.57884978 74286
1 39398U 13064U   15091.33454408  .00112952  00000-0  14343-2 0  9990
2 39398 040.5222 180.1219 0014071 085.9972 274.2458 15.58127434 74445
1 39398U 13064U   15092.29586048  .00115572  00000-0  14545-2 0  9997
2 39398 040.5223 174.2090 0014027 093.6673 266.5753 15.58354626 74595
1 39398U 13064U   15093.19295948  .00143828  00000-0  17873-2 0  9995
2 39398 040.5223 168.6896 0014069 100.7509 259.4898 15.58584279 74736
1 39398U 13064U   15093.57739020  .00136843  00000-0  16962-2 0  9998
2 39398 040.5221 166.3230 0014093 104.1001 256.1389 15.58676015 74798
1 39398U 13064U   15094.21805735  .00112728  00000-0  13941-2 0  9997
2 39398 040.5218 162.3795 0014154 108.9121 251.3237 15.58825154 74899
1 39398U 13064U   15095.49920684  .00110883  00000-0  13566-2 0  9992
2 39398 040.5213 154.4899 0014255 119.2696 240.9553 15.59113760 75097
1 39398U 13064U   15096.52395922  .00099044  00000-0  12039-2 0  9997
2 39398 040.5209 148.1767 0014398 127.4790 232.7344 15.59328274 75253
1 39398U 13064U   15098.18889803  .00087349  00000-0  10508-2 0  9991
2 39398 040.5207 137.9161 0014645 140.3561 219.8335 15.59643321 75518
1 39398U 13064U   15098.18890108  .00060961  00000-0  73626-3 0  9993
2 39398 040.5209 137.9211 0014317 141.1612 219.0754 15.59662353 75511
1 39398U 13064U   15099.46940260  .00097743  00000-0  11637-2 0  9991
2 39398 040.5208 130.0209 0014948 150.4436 209.7235 15.59866397 75714
1 39398U 13064U   15100.42964912  .00134186  00000-0  15759-2 0  9992
2 39398 040.5210 124.0989 0015157 157.6393 202.5093 15.60081220 75864
1 39398U 13064U   15101.45374097  .00125847  00000-0  14635-2 0  9991
2 39398 040.5210 117.7809 0015380 165.3882 194.7388 15.60363314 76026
1 39398U 13064U   15102.41366310  .00094407  00000-0  10930-2 0  9998
2 39398 040.5211 111.8563 0015591 172.5275 187.5783 15.60595063 76172
1 39398U 13064U   15103.43744244  .00103870  00000-0  11909-2 0  9999
2 39398 040.5210 105.5357 0015902 179.8352 180.2479 15.60804155 76339
1 39398U 13064U   15104.39710587  .00102440  00000-0  11652-2 0  9995
2 39398 040.5209 099.6087 0016225 186.7545 173.3062 15.61009038 76485
1 39398U 13064U   15105.35663569  .00133868  00000-0  15013-2 0  9992
2 39398 040.5208 093.6802 0016562 193.6396 166.3981 15.61250938 76634
1 39398U 13064U   15106.12414096  .00150182  00000-0  16651-2 0  9994
2 39398 040.5208 088.9364 0016732 199.0221 160.9979 15.61485322 76757
1 39398U 13064U   15106.95549909  .00137799  00000-0  15363-2 0  9995
2 39398 040.5232 083.7931 0015852 203.1355 156.9261 15.61702202 76886
1 39398U 13064U   15107.14730238  .00239671  00000-0  25943-2 0  9991
2 39398 040.5198 082.6165 0016876 207.8829 152.1587 15.61802445 76911
1 39398U 13064U   15107.33910827  .00152717  00000-0  16658-2 0  9994
2 39398 040.5207 081.4241 0017115 207.2827 152.7099 15.61888044 76938
1 39398U 13064U   15108.29807876  .00130906  00000-0  14161-2 0  9992
2 39398 040.5211 075.4911 0017516 213.8786 146.0919 15.62167655 77085
1 39398U 13064U   15109.06513966  .00145768  00000-0  15605-2 0  9998
2 39398 040.5213 070.7442 0017683 219.1668 140.7877 15.62379111 77207
1 39398U 13064U   15110.27942930  .00153504  00000-0  16179-2 0  9994
2 39398 040.5216 063.2269 0018081 227.0113 132.9196 15.62741602 77395
1 39398U 13064U   15111.17398221  .00183383  00000-0  19029-2 0  9997
2 39398 040.5218 057.6861 0018342 232.9753 126.9392 15.63033268 77537
1 39398U 13064U   15112.19610890  .00188213  00000-0  19227-2 0  9996
2 39398 040.5218 051.3521 0018606 239.4449 120.4539 15.63408316 77697
1 39398U 13064U   15113.85654168  .00155832  00000-0  15609-2 0  9997
2 39398 040.5220 041.0540 0018933 250.3670 109.5111 15.64003771 77958
1 39398U 13064U   15113.85655304  .00266302  00000-0  27051-2 0  9999
2 39398 040.5212 041.0612 0017675 253.2973 106.6391 15.64025923 77950
1 39398U 13064U   15114.17578562  .00174962  00000-0  17406-2 0  9998
2 39398 040.5218 039.0733 0019012 252.3578 107.5170 15.64110809 78005
1 39398U 13064U   15114.81420837  .00147409  00000-0  14597-2 0  9994
2 39398 040.5216 035.1104 0019088 256.4038 103.4660 15.64316458 78109
1 39398U 13064U   15116.09082250  .00148414  00000-0  14480-2 0  9997
2 39398 040.5215 027.1844 0019353 264.3681 095.4936 15.64678804 78301
1 39398U 13064U   15116.79283964  .00128570  00000-0  12485-2 0  9993
2 39398 040.5218 022.8237 0019436 269.1070 090.7528 15.64861833 78412
1 39398U 13064U   15118.06902881  .00141912  00000-0  13575-2 0  9997
2 39398 040.5215 014.8936 0019498 276.9603 082.9004 15.65190245 78619
1 39398U 13064U   15119.08977282  .00132177  00000-0  12514-2 0  9992
2 39398 040.5215 008.5481 0019523 283.6750 076.1901 15.65479366 78773
1 39398U 13064U   15120.11034170  .00120532  00000-0  11313-2 0  9996
2 39398 040.5213 002.2012 0019522 290.3233 069.5494 15.65734819 78930
1 39398U 13064U   15121.83218581  .00112217  00000-0  10375-2 0  9994
2 39398 040.5211 351.4871 0019499 301.7036 058.1888 15.66138006 79200
1 39398U 13064U   15122.97984658  .00129152  00000-0  11792-2 0  9995
2 39398 040.5206 344.3423 0019354 309.1542 050.7562 15.66392398 79384
1 39398U 13064U   15123.80859437  .00103321  00000-0  93978-3 0  9991
2 39398 040.5206 339.1812 0019308 314.8517 045.0740 15.66578264 79510
1 39398U 13064U   15123.99982876  .00116203  00000-0  10529-2 0  9998
2 39398 040.5204 337.9901 0019229 316.0251 043.9044 15.66628632 79546
1 39398U 13064U   15125.59324527  .00118510  00000-0  10575-2 0  9993
2 39398 040.5203 328.0621 0019124 327.1703 032.7933 15.66999404 79792
1 39398U 13064U   15125.91188345  .00142892  00000-0  12670-2 0  9993
2 39398 040.5204 326.0754 0018986 329.1407 030.8301 15.67076418 79842
1 39398U 13064U   15126.54910716  .00174396  00000-0  15281-2 0  9993
2 39398 040.5203 322.1036 0018973 333.7780 026.2083 15.67266635 79941
1 39398U 13064U   15126.93140049  .00169719  00000-0  14805-2 0  9994
2 39398 040.5201 319.7194 0018856 336.3931 023.6027 15.67393423 80007
1 39398U 13064U   15127.95069585  .00158906  00000-0  13699-2 0  9998
2 39398 040.5203 313.3616 0018710 342.9949 017.0247 15.67719901 80160
1 39398U 13064U   15128.84241695  .00152092  00000-0  12985-2 0  9998
2 39398 040.5201 307.7972 0018570 349.0547 010.9872 15.67981700 80306
1 39398U 13064U   15128.90610529  .00159487  00000-0  13590-2 0  9999
2 39398 040.5200 307.3999 0018561 349.4927 010.5509 15.68005409 80314
1 39398U 13064U   15129.86133602  .00176440  00000-0  14819-2 0  9990
2 39398 040.5200 301.4363 0018456 356.0320 004.0356 15.68305852 80467
1 39398U 13064U   15130.88003625  .00204860  00000-0  16894-2 0  9998
2 39398 040.5196 295.0730 0018245 003.1442 356.9496 15.68667437 80620
1 39398U 13064U   15131.83482653  .00223429  00000-0  18071-2 0  9997
2 39398 040.5194 289.1054 0018095 009.5619 350.5549 15.69084409 80778
1 39398U 13064U   15133.48917330  .00202547  00000-0  15914-2 0  9996
2 39398 040.5189 278.7565 0017861 021.3241 338.8326 15.69849247 81037
1 39398U 13064U   15134.44321199  .00166210  00000-0  12870-2 0  9999
2 39398 040.5188 272.7826 0017708 027.9481 332.2292 15.70311724 81180
1 39398U 13064U   15134.44321997  .00267106  00000-0  20964-2 0  9994
2 39398 040.5204 272.7865 0016735 030.6471 329.5841 15.70358115 81185
1 39398U 13064U   15134.76116540  .00210234  00000-0  16087-2 0  9996
2 39398 040.5189 270.7909 0017586 030.0718 330.1114 15.70464519 81230
1 39398U 13064U   15134.76116958  .00274408  00000-0  21354-2 0  9995
2 39398 040.5223 270.8024 0017981 026.0540 334.1707 15.70529634 81237
1 39398U 13064U   15135.39699024  .00230241  00000-0  17368-2 0  9992
2 39398 040.5189 266.8067 0017564 034.5903 325.6063 15.70746254 81334
1 39398U 13064U   15136.41408975  .00206943  00000-0  15392-2 0  9996
2 39398 040.5192 260.4303 0017354 041.9881 318.2273 15.71154069 81491
1 39398U 13064U   15137.49446829  .00190043  00000-0  13918-2 0  9990
2 39398 040.5193 253.6534 0017205 049.5196 310.7127 15.71573212 81669
1 39398U 13064U   15139.46382957  .00246571  00000-0  17337-2 0  9997
2 39398 040.5187 241.2896 0016908 064.0936 296.1632 15.72373524 81976
1 39398U 13064U   15139.71786508  .00215514  00000-0  15148-2 0  9996
2 39398 040.5184 239.6928 0016849 066.2268 294.0324 15.72472266 82010
1 39398U 13064U   15140.41637519  .00183784  00000-0  12818-2 0  9996
2 39398 040.5169 235.3012 0016781 071.8480 288.4172 15.72747599 82127
1 39398U 13064U   15141.30522549  .00157926  00000-0  10909-2 0  9999
2 39398 040.5168 229.7128 0016576 078.2913 281.9773 15.73053880 82269
1 39398U 13064U   15141.55915110  .00129113  00000-0  89263-3 0  9993
2 39398 040.5176 228.1171 0016544 081.1384 279.1315 15.73124371 82309
1 39398U 13064U   15141.55915653  .00160560  00000-0  11198-2 0  9997
2 39398 040.5188 228.1165 0015676 084.8046 275.5101 15.73157038 82304
1 39398U 13064U   15141.68610966  .00175707  00000-0  12046-2 0  9992
2 39398 040.5173 227.3182 0016503 081.2962 278.9733 15.73177903 82329
1 39398U 13064U   15142.44778851  .00145056  00000-0  98853-3 0  9990
2 39398 040.5170 222.5261 0016459 087.3704 272.9007 15.73410384 82446
1 39398U 13064U   15143.46319801  .00125329  00000-0  84658-3 0  9998
2 39398 040.5169 216.1359 0016359 095.2649 265.0046 15.73679398 82602
1 39398U 13064U   15144.60532983  .00146868  00000-0  97662-3 0  9993
2 39398 040.5167 208.9449 0016387 104.5129 255.7518 15.73973943 82789
1 39398U 13064U   15145.17631528  .00122228  00000-0  81043-3 0  9991
2 39398 040.5167 205.3491 0016350 108.9323 251.3279 15.74118635 82877
1 39398U 13064U   15146.44499536  .00119862  00000-0  78482-3 0  9996
2 39398 040.5166 197.3551 0016439 119.4233 240.8238 15.74413302 83078
1 39398U 13064U   15147.45976068  .00120366  00000-0  77937-3 0  9993
2 39398 040.5164 190.9588 0016530 127.7348 232.4981 15.74665683 83237
1 39398U 13064U   15148.15731385  .00128976  00000-0  82733-3 0  9997
2 39398 040.5165 186.5612 0016509 133.1798 227.0412 15.74853225 83345
1 39398U 13064U   15148.47435710  .00143209  00000-0  91347-3 0  9992
2 39398 040.5159 184.5631 0016603 135.4846 224.7319 15.74935903 83390
1 39398U 13064U   15149.48877882  .00127860  00000-0  80773-3 0  9990
2 39398 040.5160 178.1633 0016827 144.0604 216.1359 15.75198239 83550
1 39398U 13064U   15151.13685590  .00137368  00000-0  85035-3 0  9998
2 39398 040.5158 167.7622 0017030 157.4407 202.7173 15.75625872 83817
1 39398U 13064U   15151.45374580  .00182848  00000-0  11212-2 0  9995
2 39398 040.5156 165.7618 0017075 159.6443 200.5069 15.75706582 83864
1 39398U 13064U   15152.08747232  .00136105  00000-0  83373-3 0  9996
2 39398 040.5156 161.7601 0017180 164.7874 195.3474 15.75864233 83964
1 39398U 13064U   15153.35471600  .00125434  00000-0  75748-3 0  9990
2 39398 040.5155 153.7542 0017568 174.8378 185.2634 15.76209888 84168
1 39398U 13064U   15154.05158044  .00127897  00000-0  76536-3 0  9993
2 39398 040.5158 149.3505 0017640 180.4096 179.6721 15.76405438 84277
1 39398U 13064U   15155.00171384  .00152698  00000-0  89955-3 0  9997
2 39398 040.5159 143.3437 0017990 187.7568 172.2984 15.76674806 84422
1 39398U 13064U   15155.38172166  .00147460  00000-0  86505-3 0  9996
2 39398 040.5161 140.9406 0018208 190.5556 169.4892 15.76778798 84483
1 39398U 13064U   15156.96480235  .00171196  00000-0  97954-3 0  9993
2 39398 040.5165 130.9261 0018725 202.1735 157.8285 15.77255270 84739
1 39398U 13064U   15157.34467034  .00172284  00000-0  98055-3 0  9990
2 39398 040.5166 128.5218 0018891 204.7934 155.1988 15.77366073 84799
1 39398U 13064U   15158.10431140  .00190874  00000-0  10703-2 0  9992
2 39398 040.5167 123.7125 0019134 210.4608 149.5110 15.77639357 84913
1 39398U 13064U   15159.11695464  .00210991  00000-0  11590-2 0  9993
2 39398 040.5164 117.2992 0019353 217.6182 142.3294 15.78035633 85079
1 39398U 13064U   15159.30679490  .00269341  00000-0  14624-2 0  9999
2 39398 040.5164 116.0963 0019419 218.8869 141.0564 15.78137610 85100
1 39398U 13064U   15159.93950164 +.00308872 +00000-0 +16412-2 0  9998
2 39398 040.5162 112.0861 0019566 223.1849 136.7446 15.78508795083723
1 39398U 13064U   15160.19254471  .00284743  00000-0  15086-2 0  9992
2 39398 040.5160 110.4818 0019578 224.9262 134.9984 15.78634605 85242
1 39398U 13064U   15160.88830090 +.00265265 +00000-0 +13848-2 0  9997
2 39398 040.5160 106.0674 0019896 229.5946 130.3148 15.79000469083871
1 39398U 13064U   15161.07802579  .00268464  00000-0  13949-2 0  9996
2 39398 040.5159 104.8637 0019973 230.8771 129.0282 15.79093617 85380
1 39398U 13064U   15161.90002800 +.00290766 +00000-0 +14756-2 0  9994
2 39398 040.5162 099.6451 0020241 236.4254 123.4643 15.79544296084031
1 39398U 13064U   15162.84820405 +.00286744 +00000-0 +14218-2 0  9991
2 39398 040.5161 093.6218 0020423 242.6212 117.2539 15.80054433084182
1 39398U 13064U   15163.85925552 +.00284819 +00000-0 +13774-2 0  9999
2 39398 040.5164 087.1949 0020715 249.3280 110.5329 15.80591556085824
1 39398U 13064U   15164.80680315 +.00286424 +00000-0 +13522-2 0  9995
2 39398 040.5163 081.1662 0020858 255.4130 104.4387 15.81101805085976
1 39398U 13064U   15165.81715915 +.00328451 +00000-0 +14989-2 0  9997
2 39398 040.5165 074.7337 0021018 261.9923 097.8522 15.81720014086130
1 39398U 13064U   15166.13281410 +.00326066 +00000-0 +14753-2 0  9990
2 39398 040.5166 072.7228 0021082 264.0445 095.7982 15.81906801086184
1 39398U 13064U   15167.77360928  .00307120  00000-0  13282-2 0  9999
2 39398 040.5163 062.2607 0021288 274.4190 085.4209 15.82903262 86442
1 39398U 13064U   15168.71975047 +.00318799 +00000-0 +13397-2 0  9999
2 39398 040.5160 056.2202 0021291 280.6309 079.2124 15.83478527085110
1 39398U 13064U   15169.03505144  .00334550  00000-0  13897-2 0  9990
2 39398 040.5159 054.2060 0021340 282.4909 077.3535 15.83682145 86646
1 39398U 13064U   15169.98073673  .00276882  00000-0  11288-2 0  9996
2 39398 040.5160 048.1618 0021399 288.4447 071.4058 15.84207005 86796
1 39398U 13064U   15171.05214054  .00267538  00000-0  10622-2 0  9996
2 39398 040.5153 041.3083 0021424 295.2228 064.6382 15.84776948 86961
1 39398U 13064U   15171.80820419  .00252834  00000-0  98747-3 0  9995
2 39398 040.5148 036.4694 0021384 300.2677 059.6038 15.85151478 87080
1 39398U 13064U   15171.99719377  .00245378  00000-0  95554-3 0  9993
2 39398 040.5150 035.2592 0021408 301.4328 058.4411 15.85228678 87113
1 39398U 13064U   15172.94197597  .00277320  00000-0  10518-2 0  9991
2 39398 040.5149 029.2068 0021389 307.4741 052.4145 15.85695491 87260
1 39398U 13064U   15173.63463973  .00283641  00000-0  10562-2 0  9994
2 39398 040.5147 024.7671 0021331 311.8430 048.0581 15.86057725 87379
1 39398U 13064U   15173.94942786  .00425972  00000-0  15422-2 0  9997
2 39398 040.5139 022.7512 0021333 314.1860 045.7219 15.86308099 87428
1 39398U 13064U   15174.64173892  .00446745  77845-4  16423-2 0  9997
2 39398 040.5149 018.3065 0020994 318.4808 041.4429 15.87017579 87533
1 39398U 13064U   15176.27708939  .00292124  36694-4  10146-2 0  9997
2 39398 040.5145 007.7972 0020623 328.5443 031.4156 15.88202397 87793
1 39398U 13064U   15176.78004589  .00364228  54154-4  12409-2 0  9993
2 39398 040.5146 004.5614 0020557 331.6369 028.3344 15.88563203 87879
1 39398U 13064U   15176.90576583  .00409936  67401-4  13886-2 0  9990
2 39398 040.5143 003.7519 0020332 332.4601 027.5153 15.88676152 87899
1 39398U 13064U   15177.47141844  .00356794  52455-4  11857-2 0  9993
2 39398 040.5138 000.1105 0020235 336.3115 023.6785 15.89066914 87988
1 39398U 13064U   15177.72277707  .00332554  46350-4  10970-2 0  9999
2 39398 040.5138 358.4914 0020140 337.9018 022.0946 15.89222148 88020
1 39398U 13064U   15177.84844822  .00325864  44757-4  10710-2 0  9997
2 39398 040.5139 357.6823 0020258 338.6584 021.3403 15.89291858 88043
1 39398U 13064U   15178.53953381  .00294607  37785-4  94964-3 0  9992
2 39398 040.5137 353.2294 0020111 343.4054 016.6119 15.89688365 88155
1 39398U 13064U   15178.79079494  .00288659  36562-4  92425-3 0  9996
2 39398 040.5139 351.6096 0019991 345.1203 014.9040 15.89825872 88192
1 39398U 13064U   15178.85360710  .00298709  38749-4  95445-3 0  9998
2 39398 040.5138 351.2046 0020006 345.4324 014.5930 15.89861548 88204
1 39398U 13064U   15179.48163959  .00345271  50099-4  10796-2 0  9998
2 39398 040.5138 347.1544 0019921 349.6562 010.3859 15.90270270 88308
1 39398U 13064U   15179.79559483  .00351985  51973-4  10891-2 0  9990
2 39398 040.5136 345.1283 0019823 351.6484 008.4017 15.90475361 88358
1 39398U 13064U   15180.10950785  .00378545  59464-4  11576-2 0  9992
2 39398 040.5133 343.1022 0019746 353.5594 006.4983 15.90699069 88400
1 39398U 13064U   15180.48614660  .00353214  52573-4  10664-2 0  9999
2 39398 040.5131 340.6705 0019683 356.1062 003.9615 15.90953660 88467
1 39398U 13064U   15180.79996651  .00286721  36640-4  85860-3 0  9992
2 39398 040.5131 338.6437 0019575 358.2043 001.8717 15.91136446 88510
1 39398U 13064U   15181.49022181  .00305082  40915-4  89083-3 0  9991
2 39398 040.5133 334.1834 0019468 002.8194 357.2747 15.91616023 88621
1 39398U 13064U   15181.74117367  .00308501  41780-4  89320-3 0  9994
2 39398 040.5135 332.5609 0019360 004.3704 355.7296 15.91780515 88664
1 39398U 13064U   15181.86663990  .00325982  46034-4  93912-3 0  9996
2 39398 040.5134 331.7496 0019342 005.1829 354.9202 15.91870382 88687
1 39398U 13064U   15182.49385794  .00327672  46673-4  92306-3 0  9992
2 39398 040.5131 327.6922 0019218 009.5271 350.5924 15.92300120 88786
1 39398U 13064U   15182.74470193  .00340337  50016-4  94994-3 0  9992
2 39398 040.5131 326.0688 0019133 011.2211 348.9047 15.92474019 88829
1 39398U 13064U   15183.49705797  .00364507  56970-4  98713-3 0  9999
2 39398 040.5128 321.1974 0018918 016.1526 343.9907 15.93045020 88942
1 39398U 13064U   15183.74778494  .00373447  59676-4  10016-2 0  9999
2 39398 040.5129 319.5732 0018869 017.8241 342.3252 15.93226506 88983
1 39398U 13064U   15184.12381857  .00392786  65738-4  10371-2 0  9992
2 39398 040.5130 317.1364 0018770 020.2434 339.9141 15.93519459 89042
1 39398U 13064U   15184.43712649  .00379489  61847-4  98921-3 0  9993
2 39398 040.5131 315.1052 0018700 022.4151 337.7497 15.93763781 89092
1 39398U 13064U   15184.81303189  .00417470  74184-4  10702-2 0  9991
2 39398 040.5131 312.6675 0018616 024.6226 335.5494 15.94071070 89152
1 39398U 13064U   15185.00095740  .00411152  72207-4  10456-2 0  9995
2 39398 040.5129 311.4481 0018572 025.8464 334.3295 15.94221922 89181
1 39398U 13064U   15185.43937580  .00416763  74414-4  10386-2 0  9996
2 39398 040.5126 308.6027 0018449 028.7882 331.3968 15.94600203 89256
1 39398U 13064U   15185.75246649  .00467038  92902-4  11455-2 0  9991
2 39398 040.5124 306.5695 0018341 030.7527 329.4379 15.94892095 89304
1 39398U 13064U   15186.00289390  .00571119  13887-3  13791-2 0  9995
2 39398 040.5122 304.9427 0018232 032.2619 327.9327 15.95179322 89347
1 39398U 13064U   15186.56616144  .00668291  19349-3  15469-2 0  9998
2 39398 040.5120 301.2807 0017897 036.0590 324.1449 15.95967018 89434
1 39398U 13064U   15186.75385604  .00687772  20613-3  15695-2 0  9995
2 39398 040.5119 300.0593 0017790 037.2216 322.9849 15.96230286 89465
1 39398U 13064U   15187.56685020  .00673661  20044-3  14469-2 0  9998
2 39398 040.5118 294.7640 0017329 042.1459 318.0706 15.97334730 89590
1 39398U 13064U   15187.75438230  .00713411  22682-3  15092-2 0  9999
2 39398 040.5114 293.5412 0017208 043.3146 316.9039 15.97613143 89620
1 39398U 13064U   15188.50419662  .00720899  23539-3  14366-2 0  9994
2 39398 040.5106 288.6476 0016823 048.0995 312.1273 15.98683608 89747
1 39398U 13064U   15188.62911717  .00697455  22013-3  13768-2 0  9997
2 39398 040.5106 287.8315 0016736 048.7251 311.5023 15.98850026 89763
1 39398U 13064U   15189.50315370  .00771196  27754-3  14130-2 0  9994
2 39398 040.5102 282.1159 0016252 054.2478 305.9868 16.00171571 89904
1 39398U 13064U   15189.62795664  .00794382  29658-3  14393-2 0  9993
2 39398 040.5102 281.2990 0016172 054.7437 305.4910 16.00370271 89921
1 39398U 13064U   15190.50112543  .00869634  36902-3  14479-2 0  9999
2 39398 040.5103 275.5754 0015642 060.4556 299.7838 16.01842496 90068
1 39398U 13064U   15190.68812739  .00882416  38295-3  14419-2 0  9996
2 39398 040.5099 274.3477 0015501 061.8228 298.4173 16.02165656 90094
1 39398U 13064U   15191.49801220  .00845483  35702-3  12672-2 0  9991
2 39398 040.5093 269.0252 0014973 066.8773 293.3641 16.03614630 90223
1 39398U 13064U   15191.62254374  .00965773  48103-3  14272-2 0  9990
2 39398 040.5117 268.2050 0014261 070.4378 289.8225 16.03896561 90244
1 39398U 13064U   15192.49369640  .01345055  10749-2  17774-2 0  9999
2 39398 040.5087 262.4652 0013934 073.0266 287.2099 16.05865750 90389
1 39398U 13064U   15192.61804964  .01347734  10873-2  17445-2 0  9995
2 39398 040.5084 261.6441 0013850 074.3466 285.8900 16.06201834 90402
1 39398U 13064U   15193.42566894  .01499810  14887-2  16864-2 0  9998
2 39398 040.5082 256.3020 0012639 079.7753 280.4451 16.08548076 90536
1 39398U 13064U   15193.42566937  .01449718  13665-2  16273-2 0  9995
2 39398 040.5083 256.3022 0012713 079.5138 280.7133 16.08541815 90531
1 39398U 13064U   15193.61187579  .01507318  15269-2  16364-2 0  9991
2 39398 040.5091 255.0658 0012278 082.1595 278.0636 16.09108406 90572
1 39398U 13064U   15193.61187862  .01510924  15362-2  16403-2 0  9991
2 39398 040.5099 255.0622 0012314 080.9336 279.3060 16.09109391 90569
1 39398U 13064U   15193.86005566  .01535993  16297-2  15920-2 0  9992
2 39398 040.5076 253.4214 0012160 081.6099 278.6119 16.09843853 90606
1 39398U 13064U   15194.47995596  .01894586  30517-2  17425-2 0  9990
2 39398 040.5071 249.2997 0011079 086.4670 273.7438 16.12014100 90708
1 39398U 13064U   15194.47995753  .01757159  24602-2  16040-2 0  9999
2 39398 040.5099 249.2985 0011939 093.6840 266.5416 16.11954789 90700
1 39398U 13064U   15194.60381943  .01832659  28088-2  16266-2 0  9995
2 39398 040.5099 248.4717 0011829 089.3119 270.8398 16.12456038 90738
1 39398U 13064U   15194.60381943  .02183375  48349-2  19812-2 0  9992
2 39398 040.5089 248.4733 0010716 089.2363 270.9705 16.12657512 90732
1 39398U 13064U   15194.60382174  .02097207  42338-2  18896-2 0  9990
2 39398 040.5068 248.4742 0010826 087.2202 272.9878 16.12612653 90731
1 39398U 13064U   15194.60382378  .02183389  48350-2  19812-2 0  9992
2 39398 040.5089 248.4733 0010716 089.2369 270.9953 16.12657535 90727
1 39398U 13064U   15195.34604610  .02504130  10181-1  19182-2 0  9991
2 39398 040.5089 243.5113 0007653 102.4024 257.8109 16.16473719 90841
1 39398U 13064U   15195.40781761  .02534385  11292-1  19280-2 0  9999
2 39398 040.5088 243.0970 0007100 105.5646 254.6700 16.16856383 90852
1 39398U 13064U   15195.46957727  .02405864  86045-2  17234-2 0  9997
2 39398 040.5071 242.6838 0008539 094.5386 265.6407 16.17011203 90869
1 39398U 13064U   15195.53132681  .02409394  88521-2  16928-2 0  9991
2 39398 040.5073 242.2703 0008546 097.4040 262.7843 16.17340972 90876
1 39398U 13064U   15195.53132689  .02366272  81118-2  16454-2 0  9995
2 39398 040.5051 242.2710 0008377 094.2440 265.9360 16.17308672 90871
1 39398U 13064U   15196.14804120  .02765467  70272-5  12756-2 0  9991
2 39398 040.5076 238.1204 0006065 099.8909 260.0628 16.20774153 90983
1 39398U 13064U   15196.14807412  .03179450  70241-5  14399-2 0  9991
2 39398 040.5033 238.1212 0006721 100.1854 259.9748 16.20991079 90987
1 39398U 13064U   15196.45587673  .03005379  70694-5  11665-2 0  9992
2 39398 040.5103 236.0554 0009036 096.5638 263.4509 16.22840507 91023
1 39398U 13064U   15196.45587846  .03736263  70446-5  14092-2 0  9999
2 39398 040.5026 236.0410 0005697 108.1664 251.9801 16.23258923 91029
1 39398U 13064U   15196.51738511  .03866486  70520-5  14029-2 0  9997
2 39398 040.5033 235.6206 0006079 107.5495 252.5836 16.23716426 91049
1 39398U 13064U   15196.76320210  .04621888  70803-5  13714-2 0  9997
2 39398 040.5011 233.9562 0004534 113.6871 246.4451 16.26087036 91070
1 39398U 13064U   15197.13118204  .06179904  71481-5  12248-2 0  9990
2 39398 040.4993 231.4473 0003013 128.9382 231.1734 16.30494230 91134
1 39398U 13064U   15197.13126494  .04674886  71474-5  10024-2 0  9999
2 39398 040.5011 231.4477 0002493 116.7957 243.7099 16.29676251 91141
1 39398U 13064U   15197.37590595  .07987875  72324-5  10162-2 0  9998
2 39398 040.4988 229.7686 0001443 134.4114 226.2870 16.34874682 91171
1 39398U 13064U   15197.49778980  .16210041  00000-0  12617-2 0  9995
2 39398 040.5015 228.9215 0001664 180.5581 179.5870 16.39185478 90911
1 39398U 13064U   15197.49779789  .11665399  00000-0  98182-3 0  9990
2 39398 040.5029 228.9161 0001378 140.7326 219.4226 16.38529729 90912
1 39398U 13064U   15197.49788548  .17020176  73187-5  13250-2 0  9990
2 39398 040.4988 228.9275 0000322 135.4548 225.2336 16.39213461 91200
