1 39382U 13064C   13325.21721297  .00063154  00000-0  27773-2 0  9991
2 39382 040.5076 243.3040 0004082 305.7319 054.3256 15.20958158   174
1 39382U 13064C   13325.87382098  .00041511  00000-0  18318-2 0  9993
2 39382 040.5103 239.5017 0004316 318.4599 041.5592 15.20995117   275
1 39382U 13064C   13327.18698617  .00037099  00000-0  16347-2 0  9992
2 39382 040.5079 231.8552 0003785 327.3316 032.7256 15.21085917   471
1 39382U 13064C   13328.10615347  .00035376  00000-0  15568-2 0  9994
2 39382 040.5076 226.5079 0003622 332.1501 027.9108 15.21146724   615
1 39382U 13064C   13329.15658225  .00034878  00000-0  15319-2 0  9992
2 39382 040.5072 220.3963 0003515 336.9588 023.1064 15.21218630   775
1 39382U 13064C   13329.74742798  .00034279  00000-0  15042-2 0  9994
2 39382 040.5077 216.9573 0003576 345.3353 014.7300 15.21257192   864
1 39382U 13064C   13330.07567347  .00032918  00000-0  14444-2 0  9990
2 39382 040.5070 215.0487 0003299 341.0001 019.0665 15.21272801   918
1 39382U 13064C   13330.07568170  .00033621  00000-0  14696-2 0  9996
2 39382 040.5046 215.0452 0003515 340.4783 019.6391 15.21273101419666
1 39382U 13064C   13330.07568170  .00033623  00000-0  14697-2 0  9999
2 39382 040.5046 215.0452 0003515 340.4763 019.6411 15.21273108419631
1 39382U 13064C   13330.07568288  .00033630  00000-0  14700-2 0  9992
2 39382 040.5046 215.0447 0003588 341.8951 018.2229 15.21272794419664
1 39382U 13064C   13330.07568303  .00033567  00000-0  14673-2 0  9998
2 39382 040.5041 215.0439 0003604 341.7402 018.3777 15.21272368419665
1 39382U 13064C   13330.99472259  .00034844  00000-0  15249-2 0  9992
2 39382 040.5072 209.7005 0003491 353.5017 006.5924 15.21342562  1052
1 39382U 13064C   13331.97937499  .00034065  00000-0  14885-2 0  9993
2 39382 040.5056 203.9643 0003548 355.0887 004.9808 15.21404122  1204
1 39382U 13064C   13332.50450689  .00021865  00000-0  96132-3 0  9994
2 39382 040.5056 200.9148 0002687 348.5120 011.0979 15.21358883  1289
1 39382U 13064C   13333.02962634  .00034220  00000-0  14919-2 0  9991
2 39382 040.5057 197.8520 0003550 003.5768 356.5122 15.21476848  1362
1 39382U 13064C   13333.68617356  .00020037  00000-0  88083-3 0  9996
2 39382 040.5047 194.0453 0001956 345.1544 014.9261 15.21400599  1460
1 39382U 13064C   13333.81745719  .00019775  00000-0  86934-3 0  9996
2 39382 040.5040 193.2786 0001959 343.3422 016.7329 15.21404574  1485
1 39382U 13064C   13334.99899361  .00020875  00000-0  91566-3 0  9999
2 39382 040.5038 186.4065 0001590 345.0762 015.0133 15.21458282  1663
1 39382U 13064C   13335.78666003  .00024868  00000-0  10867-2 0  9992
2 39382 040.5054 181.7999 0002652 341.3610 018.8402 15.21515335  1782
1 39382U 13064C   13335.98354771  .00023524  00000-0  10287-2 0  9994
2 39382 040.5066 180.6724 0002292 358.5555 001.4582 15.21516547  1814
1 39382U 13064C   13336.96811145  .00027528  00000-0  11994-2 0  9990
2 39382 040.5043 174.9466 0001927 003.0753 357.0946 15.21580053  1956
1 39382U 13064C   13337.62443191  .00023336  00000-0  10181-2 0  9996
2 39382 040.5066 171.1250 0002155 034.4792 325.5327 15.21595644  2064
1 39382U 13064C   13338.80581394  .00026259  00000-0  11417-2 0  9995
2 39382 040.5071 164.2589 0000851 328.6779 031.4158 15.21671616  2241
1 39382U 13064C   13338.87144117  .00027017  00000-0  11739-2 0  9990
2 39382 040.5052 163.8698 0001582 023.2015 336.9145 15.21681025  2254
1 39382U 13064C   13339.92149165  .00028615  00000-0  12402-2 0  9998
2 39382 040.5056 157.7620 0000625 089.1778 270.9181 15.21746598  2400
1 39382U 13064C   13340.77463025  .00029790  00000-0  12885-2 0  9997
2 39382 040.5057 152.7955 0000806 137.9724 222.1433 15.21802407  2547
1 39382U 13064C   13341.82459540  .00031813  00000-0  13720-2 0  9999
2 39382 040.5042 146.6760 0000842 037.3632 322.7231 15.21875911  2709
1 39382U 13064C   13342.80889843  .00034833  00000-0  14974-2 0  9998
2 39382 040.5044 140.9450 0000551 074.2988 285.8422 15.21954329  2853
1 39382U 13064C   13343.85875514  .00047403  00000-0  20241-2 0  9995
2 39382 040.5051 134.8265 0000616 069.2958 290.9226 15.22073786  3007
1 39382U 13064C   13344.44923901  .00040270  00000-0  17210-2 0  9992
2 39382 040.5050 131.3877 0000289 109.3277 250.6941 15.22103130  3108
1 39382U 13064C   13344.64608503  .00041544  00000-0  17737-2 0  9991
2 39382 040.5049 130.2423 0000593 194.1900 165.9314 15.22126208  3130
1 39382U 13064C   13344.77729867  .00045509  00000-0  19396-2 0  9990
2 39382 040.5054 129.4753 0000599 066.8607 293.2468 15.22152138  3155
1 39382U 13064C   13346.35185866  .00045648  00000-0  19373-2 0  9990
2 39382 040.5047 120.3003 0000735 069.6696 290.4291 15.22294992  3390
1 39382U 13064C   13347.40148225  .00045623  00000-0  19308-2 0  9996
2 39382 040.5041 114.1809 0000723 092.0835 268.0084 15.22389909  3553
1 39382U 13064C   13348.64782350  .00046557  00000-0  19630-2 0  9991
2 39382 040.5044 106.9184 0000948 108.1152 251.9811 15.22508255  3748
1 39382U 13064C   13349.69729817  .00048539  00000-0  20392-2 0  9995
2 39382 040.5043 100.8031 0000820 112.9649 247.1706 15.22617201  3904
1 39382U 13064C   13350.48434655  .00050466  00000-0  21138-2 0  9998
2 39382 040.5044 096.2110 0000988 089.8619 270.2683 15.22703456  4028
1 39382U 13064C   13350.68109631  .00052754  00000-0  22066-2 0  9996
2 39382 040.5052 095.0651 0001117 101.3129 258.8219 15.22734325  4054
1 39382U 13064C   13352.18946344  .00052618  00000-0  21909-2 0  9997
2 39382 040.5055 086.2707 0001123 111.1459 248.9470 15.22889239  4282
1 39382U 13064C   13352.51734958  .00051583  00000-0  21465-2 0  9997
2 39382 040.5058 084.3555 0001581 070.0296 290.0218 15.22916973  4335
1 39382U 13064C   13352.64851107  .00049838  00000-0  20745-2 0  9997
2 39382 040.5061 083.5918 0001191 128.9152 231.1463 15.22919957  4359
1 39382U 13064C   13353.17312068  .00048091  00000-0  19999-2 0  9993
2 39382 040.5052 080.5298 0000750 096.6271 263.4336 15.22963485  4431
1 39382U 13064C   13354.15674684  .00035365  00000-0  14679-2 0  9997
2 39382 040.5030 074.8046 0001315 145.4877 214.6525 15.23029955  4587
1 39382U 13064C   13354.48458936  .00044026  00000-0  18272-2 0  9990
2 39382 040.5052 072.8811 0001139 123.6153 236.4565 15.23062455  4632
1 39382U 13064C   13355.59925903  .00042703  00000-0  17682-2 0  9990
2 39382 040.5051 066.3821 0001668 155.4830 204.5923 15.23152113  4806
1 39382U 13064C   13356.58273834  .00041355  00000-0  17091-2 0  9995
2 39382 040.5061 060.6481 0002133 169.8355 190.2342 15.23227218  4956
1 39382U 13064C   13357.50060711  .00039197  00000-0  16178-2 0  9992
2 39382 040.5058 055.2910 0002262 182.3116 177.7127 15.23288975  5091
1 39382U 13064C   13358.22177195  .00036842  00000-0  15197-2 0  9991
2 39382 040.5054 051.0709 0000894 092.5100 267.5095 15.23332797  5208
1 39382U 13064C   13359.13959787  .00033886  00000-0  13968-2 0  9996
2 39382 040.5056 045.7231 0001753 175.1917 184.8879 15.23383558  5346
1 39382U 13064C   13359.40182342  .00032787  00000-0  13515-2 0  9998
2 39382 040.5054 044.1922 0001883 169.9044 190.1474 15.23394511  5386
1 39382U 13064C   13360.18849218  .00030808  00000-0  12692-2 0  9994
2 39382 040.5057 039.6021 0001850 178.7581 181.2937 15.23435829  5503
1 39382U 13064C   13361.43400069  .00030432  00000-0  12511-2 0  9993
2 39382 040.5057 032.3316 0002040 189.9049 170.1733 15.23510532  5691
1 39382U 13064C   13362.48279971  .00030083  00000-0  12347-2 0  9994
2 39382 040.5053 026.2080 0002099 197.3046 162.7693 15.23571663  5853
1 39382U 13064C   13363.40046198  .00028990  00000-0  11885-2 0  9990
2 39382 040.5058 020.8519 0002612 200.0093 160.0288 15.23620004  5990
1 39382U 13064C   13364.38365133  .00027748  00000-0  11365-2 0  9994
2 39382 040.5056 015.1112 0002462 205.3156 154.7514 15.23670137  6147
1 39382U 13064C   13365.43233847  .00027924  00000-0  11416-2 0  9990
2 39382 040.5053 008.9877 0002546 214.1306 145.9338 15.23729574  6304
1 39382U 13064C   14001.34990319  .00029002  00000-0  11831-2 0  9992
2 39382 040.5054 003.6290 0002552 220.2353 139.8335 15.23787173  6446
1 39382U 13064C   14002.33296890  .00031068  00000-0  12638-2 0  9996
2 39382 040.5052 357.8879 0003104 224.0783 136.0215 15.23856217  6592
1 39382U 13064C   14003.31598081  .00034785  00000-0  14099-2 0  9994
2 39382 040.5056 352.1466 0002800 230.1140 130.0212 15.23939868  6745
1 39382U 13064C   14004.03681307  .00037444  00000-0  15135-2 0  9995
2 39382 040.5063 347.9376 0003912 224.4257 135.6875 15.24003798  6858
1 39382U 13064C   14005.15076626  .00040679  00000-0  16379-2 0  9996
2 39382 040.5064 341.4281 0003405 234.3531 125.7044 15.24105876  7023
1 39382U 13064C   14006.26466433  .00041057  00000-0  16484-2 0  9996
2 39382 040.5069 334.9199 0003423 237.2372 122.8096 15.24197937  7190
1 39382U 13064C   14007.24746531  .00040236  00000-0  16122-2 0  9992
2 39382 040.5067 329.1769 0003592 239.6480 120.3975 15.24273443  7343
1 39382U 13064C   14009.08189295  .00040097  00000-0  15996-2 0  9997
2 39382 040.5060 318.4559 0004255 243.5638 116.4915 15.24418683  7628
1 39382U 13064C   14010.19555823  .00040873  00000-0  16257-2 0  9998
2 39382 040.5059 311.9461 0004047 251.7360 108.3011 15.24512471  7793
1 39382U 13064C   14011.83318579  .00040958  00000-0  16225-2 0  9994
2 39382 040.5058 302.3730 0004374 255.8325 104.1962 15.24645774  8045
1 39382U 13064C   14012.81570136  .00039343  00000-0  15559-2 0  9997
2 39382 040.5049 296.6273 0004622 257.0329 102.9860 15.24715640  8195
1 39382U 13064C   14013.14319801  .00038540  00000-0  15235-2 0  9993
2 39382 040.5045 294.7086 0004515 259.1305 100.8819 15.24736227  8241
1 39382U 13064C   14014.78059851  .00037408  00000-0  14740-2 0  9992
2 39382 040.5042 285.1323 0004607 265.1496 094.8762 15.24854946  8491
1 39382U 13064C   14016.02493444  .00036910  00000-0  14507-2 0  9999
2 39382 040.5033 277.8523 0004474 275.5074 084.5053 15.24944238  8684
1 39382U 13064C   14017.07274300  .00034615  00000-0  13588-2 0  9991
2 39382 040.5028 271.7186 0004759 281.6799 078.2889 15.25007103  8841
1 39382U 13064C   14017.79309625  .00032789  00000-0  12863-2 0  9994
2 39382 040.5031 267.5094 0004470 280.9992 078.9965 15.25047845  8954
1 39382U 13064C   14018.05504116  .00030666  00000-0  12037-2 0  9991
2 39382 040.5037 265.9791 0004410 274.1422 085.8236 15.25051443  8994
1 39382U 13064C   14018.70989275  .00029135  00000-0  11432-2 0  9993
2 39382 040.5028 262.1458 0004625 285.1665 074.8318 15.25083746  9094
1 39382U 13064C   14018.97183103  .00027908  00000-0  10953-2 0  9991
2 39382 040.5029 260.6142 0004052 287.8474 072.1449 15.25091571  9135
1 39382U 13064C   14019.69214403  .00025991  00000-0  10199-2 0  9991
2 39382 040.5025 256.3962 0004319 291.4580 068.5464 15.25121800  9245
1 39382U 13064C   14020.87080213  .00024918  00000-0  97669-3 0  9999
2 39382 040.5011 249.4996 0004533 288.0907 071.9307 15.25175585  9426
1 39382U 13064C   14021.98393723  .00024780  00000-0  96977-3 0  9993
2 39382 040.4999 242.9854 0004397 296.4898 063.5469 15.25230146  9590
1 39382U 13064C   14022.96607088  .00026497  00000-0  10344-2 0  9994
2 39382 040.5003 237.2364 0004417 309.8388 050.2024 15.25289511  9743
1 39382U 13064C   14023.62080990  .00044822  00000-0  17359-2 0  9990
2 39382 040.5019 233.4031 0004144 297.4109 062.6775 15.25337230  9842
1 39382U 13064C   14023.88269528  .00029045  00000-0  11306-2 0  9990
2 39382 040.5016 231.8774 0003641 277.9605 082.1407 15.25352916  9881
1 39382U 13064C   14024.93020792  .00031361  00000-0  12170-2 0  9999
2 39382 040.5004 225.7375 0004380 317.3034 042.7416 15.25426614 10042
1 39382U 13064C   14026.56686847  .00031116  00000-0  12039-2 0  9991
2 39382 040.5010 216.1531 0003991 315.1809 044.8558 15.25527624 10290
1 39382U 13064C   14027.81066244  .00031207  00000-0  12046-2 0  9992
2 39382 040.5016 208.8675 0003987 323.9662 036.0933 15.25605916 10484
1 39382U 13064C   14028.85801026  .00032490  00000-0  12508-2 0  9990
2 39382 040.5018 202.7298 0004190 333.8116 026.2503 15.25678621 10646
1 39382U 13064C   14029.83985644  .00034898  00000-0  13393-2 0  9995
2 39382 040.5018 196.9796 0004364 342.2709 017.8483 15.25756798 10799
1 39382U 13064C   14030.75618416  .00048106  00000-0  18350-2 0  9993
2 39382 040.4987 191.6138 0003444 338.6601 021.4565 15.25845590 10930
1 39382U 13064C   14030.75618714  .00036513  00000-0  13976-2 0  9992
2 39382 040.5017 191.6103 0004035 345.2372 014.8493 15.25829431 10935
1 39382U 13064C   14031.47613746  .00039669  00000-0  15140-2 0  9992
2 39382 040.5016 187.3938 0003568 342.4549 017.7091 15.25900265 11041
1 39382U 13064C   14032.45781766  .00041288  00000-0  15709-2 0  9990
2 39382 040.5026 181.6371 0003903 355.5276 004.5647 15.25986899 11199
1 39382U 13064C   14032.78504053  .00040341  00000-0  15343-2 0  9991
2 39382 040.5029 179.7202 0003896 354.2977 005.7784 15.26007657 11246
1 39382U 13064C   14033.70123577  .00039175  00000-0  14873-2 0  9992
2 39382 040.5038 174.3502 0004279 004.6619 355.4122 15.26074789 11381
1 39382U 13064C   14034.74826035  .00039878  00000-0  15098-2 0  9996
2 39382 040.5042 168.2145 0004442 011.6517 348.4392 15.26161322 11547
1 39382U 13064C   14035.40262123  .00041567  00000-0  15704-2 0  9994
2 39382 040.5043 164.3810 0003665 019.0766 341.0437 15.26220329 11641
1 39382U 13064C   14035.66435335  .00042999  00000-0  16225-2 0  9998
2 39382 040.5042 162.8469 0003466 020.5191 339.6080 15.26249399 11680
1 39382U 13064C   14036.64581879  .00044822  00000-0  16857-2 0  9990
2 39382 040.5047 157.0907 0003377 026.9953 333.1366 15.26343647 11839
1 39382U 13064C   14037.62722062  .00046441  00000-0  17409-2 0  9993
2 39382 040.5042 151.3353 0003586 034.8409 325.2736 15.26439962 11987
1 39382U 13064C   14038.60856467  .00048602  00000-0  18154-2 0  9998
2 39382 040.5029 145.5844 0002887 046.5110 313.6446 15.26543388 12139
1 39382U 13064C   14039.39358326  .00051040  00000-0  19002-2 0  9999
2 39382 040.5033 140.9781 0003575 051.9833 308.1707 15.26633072 12252
1 39382U 13064C   14039.65523714  .00052182  00000-0  19402-2 0  9995
2 39382 040.5034 139.4418 0004115 048.4744 311.6409 15.26666118 12295
1 39382U 13064C   14040.37479007  .00053912  00000-0  19988-2 0  9992
2 39382 040.5039 135.2178 0003677 061.1883 298.9647 15.26748915 12405
1 39382U 13064C   14040.63642901  .00056056  00000-0  20748-2 0  9994
2 39382 040.5037 133.6838 0003987 056.1916 303.9769 15.26789342 12448
1 39382U 13064C   14041.42131980  .00058028  00000-0  21407-2 0  9996
2 39382 040.5035 129.0786 0003656 068.2920 291.8657 15.26886153 12561
1 39382U 13064C   14042.53315712  .00060025  00000-0  22042-2 0  9992
2 39382 040.5030 122.5543 0003572 078.3234 281.7959 15.27025998 12737
1 39382U 13064C   14043.51411841  .00058738  00000-0  21502-2 0  9999
2 39382 040.5043 116.7915 0004367 078.1247 281.9369 15.27134084 12884
1 39382U 13064C   14044.23346118  .00056682  00000-0  20713-2 0  9992
2 39382 040.5046 112.5649 0004265 081.1742 278.9151 15.27206360 12990
1 39382U 13064C   14044.49503507  .00054726  00000-0  19995-2 0  9994
2 39382 040.5046 111.0322 0004169 088.2020 271.8760 15.27224123 13033
1 39382U 13064C   14045.21433404  .00052618  00000-0  19195-2 0  9993
2 39382 040.5035 106.8108 0003864 100.3197 259.7760 15.27290896 13144
1 39382U 13064C   14045.47589147  .00050400  00000-0  18386-2 0  9995
2 39382 040.5038 105.2759 0004315 110.3337 249.7356 15.27305145 13189
1 39382U 13064C   14046.32592357  .00048170  00000-0  17542-2 0  9991
2 39382 040.5036 100.2855 0003922 107.4607 252.6179 15.27378710 13318
1 39382U 13064C   14046.52208516  .00044357  00000-0  16168-2 0  9990
2 39382 040.5029 099.1349 0004296 116.1142 243.9322 15.27377463 13340
1 39382U 13064C   14047.43746504  .00042437  00000-0  15442-2 0  9996
2 39382 040.5027 093.7592 0004725 120.3767 239.6977 15.27446728 13489
1 39382U 13064C   14048.15666183  .00040800  00000-0  14829-2 0  9990
2 39382 040.5024 089.5353 0004319 124.5536 235.5438 15.27499452 13594
1 39382U 13064C   14049.13733095  .00041565  00000-0  15065-2 0  9998
2 39382 040.5016 083.7739 0004600 132.8102 227.3182 15.27584614 13740
1 39382U 13064C   14049.46420182  .00042674  00000-0  15447-2 0  9990
2 39382 040.5013 081.8558 0004481 132.8416 227.2782 15.27618236 13798
1 39382U 13064C   14051.09848461  .00044428  00000-0  16001-2 0  9992
2 39382 040.5007 072.2515 0005024 149.6709 210.4551 15.27766858 14044
1 39382U 13064C   14051.42531978  .00047717  00000-0  17147-2 0  9997
2 39382 040.5006 070.3309 0004966 148.0736 212.1325 15.27816180 14097
1 39382U 13064C   14052.34039589  .00052355  00000-0  18729-2 0  9991
2 39382 040.5012 064.9478 0005002 156.2494 203.9553 15.27930048 14231
1 39382U 13064C   14052.40573865  .00053412  00000-0  19097-2 0  9992
2 39382 040.5009 064.5636 0004267 151.0378 209.0829 15.27942615 14242
1 39382U 13064C   14053.38609330  .00058805  00000-0  20917-2 0  9991
2 39382 040.4998 058.8037 0004453 166.0302 194.0888 15.28075563 14393
1 39382U 13064C   14054.10497290  .00061174  00000-0  21685-2 0  9998
2 39382 040.5001 054.5782 0005275 168.0023 192.1203 15.28170148 14502
1 39382U 13064C   14055.08519773  .00059628  00000-0  21073-2 0  9999
2 39382 040.5003 048.8137 0005263 177.6289 182.4374 15.28278955 14653
1 39382U 13064C   14056.32671678  .00061833  00000-0  21735-2 0  9996
2 39382 040.4999 041.5148 0005542 182.9458 177.1915 15.28439963 14846
1 39382U 13064C   14057.17608764  .00064429  00000-0  22554-2 0  9990
2 39382 040.4995 036.5191 0006067 194.4346 165.6849 15.28556590 14979
1 39382U 13064C   14058.15604748  .00067140  00000-0  23388-2 0  9996
2 39382 040.4989 030.7513 0006564 199.6508 160.4574 15.28696817 15128
1 39382U 13064C   14059.13591305  .00068777  00000-0  23849-2 0  9998
2 39382 040.4993 024.9835 0006671 204.3816 155.6672 15.28835883 15279
1 39382U 13064C   14059.20123535  .00070594  00000-0  24450-2 0  9991
2 39382 040.4988 024.6014 0007841 206.9552 153.1598 15.28855969 15282
1 39382U 13064C   14060.05036757  .00076942  00000-0  26510-2 0  9997
2 39382 040.5006 019.5932 0002623 188.2261 171.9506 15.29013352 15413
1 39382U 13064C   14060.24629192  .00080575  00000-0  27704-2 0  9992
2 39382 040.4989 018.4253 0001182 028.1816 331.9512 15.29062928 15444
1 39382U 13064C   14060.76877124  .00085403  00000-0  29246-2 0  9997
2 39382 040.4988 015.3314 0000637 185.0469 175.1423 15.29168457 15520
1 39382U 13064C   14061.02998048  .00088512  00000-0  30233-2 0  9998
2 39382 040.4983 013.8095 0004003 213.4638 146.7219 15.29230023 15569
1 39382U 13064C   14061.74828786  .00096074  00000-0  32589-2 0  9996
2 39382 040.4984 009.5970 0008611 208.3025 151.9115 15.29391183 15676
1 39382U 13064C   14062.07474136  .00095060  00000-0  32197-2 0  9998
2 39382 040.4989 007.6759 0008541 210.1458 149.8424 15.29445647 15728
1 39382U 13064C   14063.05412883  .00092583  00000-0  31189-2 0  9995
2 39382 040.4992 001.9146 0011129 213.2147 146.6931 15.29610106 15872
1 39382U 13064C   14063.70701356  .00086765  00000-0  29200-2 0  9999
2 39382 040.4957 358.0408 0007779 254.7499 105.1195 15.29700833 15976
1 39382U 13064C   14064.03345731  .00085564  00000-0  28759-2 0  9991
2 39382 040.4947 356.1073 0007772 267.6865 092.2657 15.29748985 16021
1 39382U 13064C   14064.68627445  .00083845  00000-0  28090-2 0  9995
2 39382 040.4980 352.2787 0009279 237.5577 122.4461 15.29851215 16128
1 39382U 13064C   14065.66540847  .00082870  00000-0  27638-2 0  9998
2 39382 040.4997 346.5132 0008758 247.5639 112.3981 15.30006652 16277
1 39382U 13064C   14066.05703888  .00081837  00000-0  27249-2 0  9998
2 39382 040.4994 344.2057 0008790 250.8504 109.1098 15.30064957 16331
1 39382U 13064C   14067.10130431  .00080114  00000-0  26548-2 0  9991
2 39382 040.5005 338.0509 0009406 252.7752 107.1807 15.30223997 16493
1 39382U 13064C   14068.08020953  .00076982  00000-0  25406-2 0  9996
2 39382 040.5006 332.2733 0010518 253.7485 106.1992 15.30361625 16641
1 39382U 13064C   14069.05902689  .00075542  00000-0  24825-2 0  9994
2 39382 040.5000 326.5017 0011219 258.8102 101.1223 15.30499917 16791
1 39382U 13064C   14069.77677546  .00073050  00000-0  23952-2 0  9996
2 39382 040.4992 322.2673 0010470 265.5545 094.3741 15.30593702 16903
1 39382U 13064C   14070.75545063  .00071335  00000-0  23303-2 0  9998
2 39382 040.5001 316.4862 0010176 272.1705 087.7820 15.30725078 17059
1 39382U 13064C   14072.06021332  .00070422  00000-0  22878-2 0  9994
2 39382 040.4988 308.7874 0010766 280.3924 079.5634 15.30902098 17251
1 39382U 13064C   14073.10391026  .00070483  00000-0  22795-2 0  9995
2 39382 040.4988 302.6243 0010752 285.5985 074.3647 15.31047357 17417
1 39382U 13064C   14074.47361013  .00071081  00000-0  22847-2 0  9992
2 39382 040.4992 294.5335 0010806 296.2742 063.6917 15.31240714 17629
1 39382U 13064C   14075.45186835  .00070008  00000-0  22415-2 0  9997
2 39382 040.4996 288.7515 0010901 303.1685 056.7935 15.31370461 17770
1 39382U 13064C   14076.49525337  .00066621  00000-0  21259-2 0  9997
2 39382 040.4991 282.5823 0011288 314.4856 045.4039 15.31493109 17936
1 39382U 13064C   14076.62568870  .00065541  00000-0  20910-2 0  9994
2 39382 040.5008 281.8077 0011561 319.9985 039.9513 15.31503567 17953
1 39382U 13064C   14077.47337841  .00062688  00000-0  19951-2 0  9992
2 39382 040.4988 276.7996 0011613 319.4311 040.5145 15.31597031 18081
1 39382U 13064C   14077.99501617  .00061496  00000-0  19542-2 0  9995
2 39382 040.5029 273.7124 0011454 320.2462 039.7501 15.31655448 18160
1 39382U 13064C   14079.49455652  .00082465  00000-0  26047-2 0  9996
2 39382 040.4948 264.8740 0013056 331.1720 028.8873 15.31893680 18390
1 39382U 13064C   14080.40720500  .00072144  00000-0  22623-2 0  9995
2 39382 040.5008 259.4639 0011361 333.1630 026.9390 15.32019083 18531
1 39382U 13064C   14080.66793400  .00075524  00000-0  23630-2 0  9996
2 39382 040.4938 257.9288 0011480 322.8557 037.2255 15.32070751 18578
1 39382U 13064C   14080.92865390  .00077703  00000-0  24253-2 0  9996
2 39382 040.4980 256.3645 0012796 336.9623 023.0681 15.32120974 18610
1 39382U 13064C   14081.71080417  .00084600  00000-0  26279-2 0  9997
2 39382 040.4987 251.7465 0009707 335.8919 024.2261 15.32271331 18734
1 39382U 13064C   14082.81870854  .00088899  00000-0  27409-2 0  9991
2 39382 040.4987 245.1894 0011224 345.7669 014.2914 15.32471287 18901
1 39382U 13064C   14084.44773304  .00090822  00000-0  27731-2 0  9991
2 39382 040.4985 235.5397 0011613 358.2629 001.8174 15.32766069 19150
1 39382U 13064C   14085.55529570  .00091129  00000-0  27650-2 0  9999
2 39382 040.4983 228.9790 0011623 006.3332 353.7702 15.32964113 19329
1 39382U 13064C   14086.53243129  .00092978  00000-0  28034-2 0  9991
2 39382 040.4981 223.1898 0012040 013.2249 346.9191 15.33149944 19471
1 39382U 13064C   14086.72784756  .00112668  00000-0  34162-2 0  9996
2 39382 040.4967 222.0534 0012164 011.6666 348.4932 15.33202332 19507
1 39382U 13064C   14087.24891727  .00094998  00000-0  28495-2 0  9998
2 39382 040.5016 218.9342 0013164 017.7469 342.4007 15.33290953 19584
1 39382U 13064C   14087.50943945  .00096727  00000-0  28957-2 0  9992
2 39382 040.4972 217.3994 0012776 017.3579 342.8033 15.33348379 19620
1 39382U 13064C   14088.48631846  .00099258  00000-0  29528-2 0  9991
2 39382 040.4956 211.6189 0011891 023.2929 336.8515 15.33545676 19770
1 39382U 13064C   14089.65841791  .00099685  00000-0  29439-2 0  9998
2 39382 040.4965 204.6702 0011834 031.8905 328.2584 15.33775566 19953
1 39382U 13064C   14090.70013771  .00100147  00000-0  29385-2 0  9991
2 39382 040.4970 198.4902 0011490 039.9248 320.2387 15.33980506 20113
1 39382U 13064C   14091.54645245  .00095036  00000-0  27788-2 0  9996
2 39382 040.4989 193.4711 0011421 048.9913 311.1403 15.34116020 20244
1 39382U 13064C   14092.52286488  .00093040  00000-0  27059-2 0  9999
2 39382 040.4997 187.6790 0011931 054.5432 305.6210 15.34289492 20394
1 39382U 13064C   14093.56426083  .00087347  00000-0  25445-2 0  9991
2 39382 040.4970 181.4956 0011959 062.0301 298.2234 15.34464555439268
1 39382U 13064C   14093.69441411  .00091380  00000-0  26410-2 0  9992
2 39382 040.4989 180.7196 0011982 062.5229 297.6769 15.34493775 20578
1 39382U 13064C   14094.47535348  .00085764  00000-0  24716-2 0  9998
2 39382 040.4985 176.0861 0011907 069.5146 290.6295 15.34613184 20691
1 39382U 13064C   14095.64666377  .00084858  00000-0  24307-2 0  9994
2 39382 040.4986 169.1232 0012129 076.8948 283.3107 15.34805101 20878
1 39382U 13064C   14096.62263798  .00083244  00000-0  23735-2 0  9995
2 39382 040.4984 163.3243 0011946 085.5960 274.6131 15.34959253 21027
1 39382U 13064C   14098.11892990  .00083742  00000-0  23688-2 0  9993
2 39382 040.4981 154.4312 0011859 097.0849 263.1301 15.35206470 21253
1 39382U 13064C   14099.35481492  .00083151  00000-0  23373-2 0  9996
2 39382 040.4969 147.0860 0011972 106.1002 254.0814 15.35404918 21440
1 39382U 13064C   14100.33041129  .00079629  00000-0  22298-2 0  9996
2 39382 040.4965 141.2893 0011794 112.4399 247.6899 15.35543436 21595
1 39382U 13064C   14100.52553263  .00077603  00000-0  21721-2 0  9994
2 39382 040.4960 140.1315 0012001 118.2190 241.9670 15.35565272 21622
1 39382U 13064C   14101.50102368  .00072112  00000-0  20123-2 0  9994
2 39382 040.4962 134.3313 0012294 126.8467 233.2451 15.35686029 21774
1 39382U 13064C   14102.34640498  .00070863  00000-0  19708-2 0  9996
2 39382 040.4955 129.2967 0012154 126.4305 233.7160 15.35799101 21909
1 39382U 13064C   14103.38677777  .00075462  00000-0  20854-2 0  9995
2 39382 040.4956 123.1058 0012171 132.0096 228.3280 15.35972566 22062
1 39382U 13064C   14103.97189604  .00078324  00000-0  21563-2 0  9995
2 39382 040.4961 119.6233 0012370 135.2417 224.9715 15.36073132 22153
1 39382U 13064C   14104.36196622  .00086774  00000-0  23778-2 0  9995
2 39382 040.4978 117.3060 0012563 141.7437 218.5719 15.36172534 22218
1 39382U 13064C   14105.40203845  .00087019  00000-0  23709-2 0  9994
2 39382 040.4965 111.1110 0012674 152.4692 207.6806 15.36347396 22370
1 39382U 13064C   14106.37701889  .00079546  00000-0  21607-2 0  9993
2 39382 040.4965 105.3066 0012861 161.6889 198.3047 15.36477919 22528
1 39382U 13064C   14107.35194748  .00077307  00000-0  20904-2 0  9994
2 39382 040.4972 099.4996 0013480 168.6370 191.4544 15.36620662 22678
1 39382U 13064C   14108.32676378  .00080780  00000-0  21724-2 0  9996
2 39382 040.4971 093.6846 0012134 174.1683 186.0062 15.36789070 22822
1 39382U 13064C   14109.04154194  .00083227  00000-0  22271-2 0  9990
2 39382 040.4974 089.4281 0013418 181.0432 179.0870 15.36914279 22938
1 39382U 13064C   14109.30144194  .00087564  00000-0  23380-2 0  9998
2 39382 040.4973 087.8752 0011811 180.2899 179.8802 15.36981469 22977
1 39382U 13064C   14110.01611360  .00090965  00000-0  24141-2 0  9997
2 39382 040.4971 083.6194 0014158 188.2609 171.8164 15.37121164 23088
1 39382U 13064C   14110.34095127  .00098089  00000-0  25918-2 0  9998
2 39382 040.4961 081.6891 0014692 191.5449 168.6447 15.37214066 23139
1 39382U 13064C   14111.18543159  .00100536  00000-0  26397-2 0  9997
2 39382 040.4958 076.6553 0015228 199.8533 160.2288 15.37389207 23260
1 39382U 13064C   14111.31533591  .00103044  00000-0  27025-2 0  9997
2 39382 040.4960 075.8779 0014359 198.7869 161.2549 15.37425319 23286
1 39382U 13064C   14112.09477162  .00105339  00000-0  27449-2 0  9993
2 39382 040.4964 071.2328 0015582 205.1818 154.8861 15.37594883 23408
1 39382U 13064C   14113.19880272  .00108638  00000-0  28063-2 0  9993
2 39382 040.4970 064.6456 0016029 212.1007 147.8722 15.37840017 23577
1 39382U 13064C   14114.17282360  .00104374  00000-0  26821-2 0  9999
2 39382 040.4978 058.8370 0016041 214.5157 145.3188 15.38020965 23720
1 39382U 13064C   14114.23778049  .00103551  00000-0  26584-2 0  9992
2 39382 040.4986 058.4548 0017438 215.3677 144.5952 15.38029572 23733
1 39382U 13064C   14115.21168321  .00091661  00000-0  23476-2 0  9992
2 39382 040.4976 052.6325 0016710 225.9474 133.7738 15.38170361 23886
1 39382U 13064C   14115.86094965  .00090901  00000-0  23216-2 0  9993
2 39382 040.4975 048.7487 0015376 232.0772 127.8167 15.38281887 23984
1 39382U 13064C   14116.12063623  .00089716  00000-0  22884-2 0  9992
2 39382 040.4984 047.2004 0015766 232.8557 127.0439 15.38320629 24023
1 39382U 13064C   14116.18556162  .00086908  00000-0  22165-2 0  9995
2 39382 040.4977 046.8163 0016809 231.8756 128.0436 15.38321147 24030
1 39382U 13064C   14117.15929233  .00085411  00000-0  21672-2 0  9996
2 39382 040.4974 041.0026 0017237 237.0156 122.8588 15.38478041 24182
1 39382U 13064C   14118.13293383  .00081253  00000-0  20535-2 0  9992
2 39382 040.4975 035.1884 0017405 242.5334 117.2812 15.38616935 24336
1 39382U 13064C   14119.04160211  .00076576  00000-0  19306-2 0  9992
2 39382 040.4962 029.7483 0016206 257.6442 102.1470 15.38734843 24478
1 39382U 13064C   14119.17142368  .00071339  00000-0  17983-2 0  9990
2 39382 040.4964 028.9827 0017952 249.1210 110.7689 15.38736767 24497
1 39382U 13064C   14120.08000328  .00065987  00000-0  16593-2 0  9999
2 39382 040.4966 023.5511 0018024 257.8538 101.9216 15.38838237 24639
1 39382U 13064C   14121.05343816  .00064747  00000-0  16225-2 0  9994
2 39382 040.4969 017.7328 0017708 263.3800 096.4635 15.38957446 24788
1 39382U 13064C   14122.09168059  .00065087  00000-0  16235-2 0  9992
2 39382 040.4975 011.5256 0017828 271.7314 088.2165 15.39093754 24942
1 39382U 13064C   14123.71371622  .00066067  00000-0  16357-2 0  9998
2 39382 040.4983 001.8310 0018398 279.8368 080.0430 15.39305175 25191
1 39382U 13064C   14124.03809778  .00060974  00000-0  15107-2 0  9995
2 39382 040.5000 359.8958 0018031 278.5006 081.2445 15.39317375 25245
1 39382U 13064C   14124.68687413  .00057935  00000-0  14333-2 0  9999
2 39382 040.5002 356.0061 0018027 288.3662 071.4571 15.39380803 25341
1 39382U 13064C   14125.01125283  .00056117  00000-0  13879-2 0  9994
2 39382 040.4993 354.0727 0017601 285.1539 074.7101 15.39408862 25397
1 39382U 13064C   14125.78971192  .00053519  00000-0  13207-2 0  9994
2 39382 040.4993 349.4117 0018175 294.9188 064.9191 15.39482718 25519
1 39382U 13064C   14125.98433050  .00057328  00000-0  14115-2 0  9993
2 39382 040.4986 348.2431 0018249 300.3967 059.5946 15.39525907 25545
1 39382U 13064C   14126.82757471  .00060840  00000-0  14918-2 0  9997
2 39382 040.4976 343.2030 0017707 296.3051 063.7138 15.39640784 25675
1 39382U 13064C   14133.83037772  .00082049  00000-0  19337-2 0  9996
2 39382 040.4975 301.2644 0017467 348.2063 011.8398 15.40727975 26754
1 39382U 13064C   14134.86740484  .00081990  00000-0  19216-2 0  9991
2 39382 040.4973 295.0486 0017578 355.9112 004.1486 15.40893558 26911
1 39382U 13064C   14136.48753823  .00081580  00000-0  18958-2 0  9999
2 39382 040.4965 285.3346 0017534 007.5375 352.5634 15.41151542 27166
1 39382U 13064C   14136.81152802  .00082699  00000-0  19175-2 0  9990
2 39382 040.4966 283.3906 0017713 010.0894 350.0286 15.41210143 27216
1 39382U 13064C   14137.78343183  .00084575  00000-0  19492-2 0  9998
2 39382 040.4968 277.5586 0018006 015.9853 344.1519 15.41377338 27361
1 39382U 13064C   14139.40305040  .00084000  00000-0  19199-2 0  9996
2 39382 040.4974 267.8411 0017289 027.9920 332.1683 15.41641498 27615
1 39382U 13064C   14139.66216575  .00081508  00000-0  18618-2 0  9993
2 39382 040.4973 266.2868 0017462 030.8314 329.2768 15.41669477 27658
1 39382U 13064C   14140.37471226  .00079550  00000-0  18115-2 0  9995
2 39382 040.4971 262.0086 0017345 034.5391 325.6271 15.41773300 27760
1 39382U 13064C   14140.63380802  .00077024  00000-0  17516-2 0  9991
2 39382 040.4972 260.4483 0018798 037.0001 323.1195 15.41798842 27804
1 39382U 13064C   14141.73491064  .00069389  00000-0  15747-2 0  9995
2 39382 040.4975 253.8428 0017470 043.9917 316.1475 15.41925101 27971
1 39382U 13064C   14142.64162974  .00067025  00000-0  15154-2 0  9998
2 39382 040.4968 248.3964 0018303 051.4301 308.7291 15.42034277 28110
1 39382U 13064C   14143.35401086  .00063890  00000-0  14420-2 0  9998
2 39382 040.4958 244.1217 0017838 055.4879 304.6925 15.42111382 28224
1 39382U 13064C   14144.51964487  .00062372  00000-0  14022-2 0  9998
2 39382 040.4952 237.1198 0017164 065.0413 295.2466 15.42249513 28404
1 39382U 13064C   14145.62039249  .00064069  00000-0  14327-2 0  9993
2 39382 040.4951 230.5045 0017391 071.5738 288.7033 15.42395224 28571
1 39382U 13064C   14146.52681312  .00063365  00000-0  14118-2 0  9993
2 39382 040.4955 225.0587 0017574 079.6724 280.5343 15.42503898 28710
1 39382U 13064C   14147.23897544  .00062093  00000-0  13804-2 0  9996
2 39382 040.4952 220.7787 0017068 084.4540 275.8004 15.42585819 28825
1 39382U 13064C   14147.43319529  .00058345  00000-0  12971-2 0  9999
2 39382 040.4946 219.6048 0018147 081.6805 278.4880 15.42587699 28859
1 39382U 13064C   14147.62743247  .00054548  00000-0  12141-2 0  9998
2 39382 040.4950 218.4426 0017113 089.0356 271.2249 15.42594430 28880
1 39382U 13064C   14148.40427978  .00051374  00000-0  11405-2 0  9991
2 39382 040.4958 213.7745 0018623 093.4492 266.7606 15.42662607 29000
1 39382U 13064C   14148.59850140  .00046626  00000-0  10373-2 0  9999
2 39382 040.4956 212.6071 0017247 093.4217 266.7932 15.42660364 29037
1 39382U 13064C   14149.56953815  .00041893  00000-0  93117-3 0  9999
2 39382 040.4953 206.7729 0016963 104.0154 256.2533 15.42726779 29181
1 39382U 13064C   14150.54051373  .00040777  00000-0  90422-3 0  9993
2 39382 040.4943 200.9336 0017231 112.5891 247.6722 15.42801318 29335
1 39382U 13064C   14152.09397475  .00039979  00000-0  88315-3 0  9991
2 39382 040.4941 191.5903 0017163 123.3111 236.9361 15.42922170 29573
1 39382U 13064C   14153.38842529  .00039727  00000-0  87458-3 0  9997
2 39382 040.4946 183.8051 0017314 132.7683 227.4355 15.43023518 29771
1 39382U 13064C   14154.10034633  .00038620  00000-0  84900-3 0  9997
2 39382 040.4946 179.5237 0017420 140.0725 220.1299 15.43072574 29881
1 39382U 13064C   14154.35921973  .00037406  00000-0  82230-3 0  9991
2 39382 040.4943 177.9648 0017368 140.1362 220.0305 15.43085172 29925
1 39382U 13064C   14155.32997832  .00035758  00000-0  78481-3 0  9997
2 39382 040.4943 172.1278 0017347 148.9082 211.2715 15.43148440 30076
1 39382U 13064C   14156.43010563  .00036489  00000-0  79851-3 0  9991
2 39382 040.4938 165.5074 0017125 156.7264 203.4342 15.43231720 30245
1 39382U 13064C   14157.33604480  .00038371  00000-0  83688-3 0  9993
2 39382 040.4941 160.0568 0017426 164.1248 196.0380 15.43308743 30380
1 39382U 13064C   14158.04781956  .00039819  00000-0  86608-3 0  9999
2 39382 040.4940 155.7735 0017782 169.4389 190.7072 15.43370833 30495
1 39382U 13064C   14158.37134117  .00041135  00000-0  89329-3 0  9993
2 39382 040.4941 153.8279 0017856 172.5637 187.5885 15.43404694 30546
1 39382U 13064C   14159.34186831  .00043953  00000-0  95084-3 0  9996
2 39382 040.4946 147.9844 0017581 179.8193 180.3059 15.43501130 30698
1 39382U 13064C   14160.31233428  .00050551  00000-0  10878-2 0  9999
2 39382 040.4947 142.1383 0016734 186.8527 173.3491 15.43625120 30847
1 39382U 13064C   14161.15331185  .00053718  00000-0  11502-2 0  9994
2 39382 040.4954 137.0775 0018169 192.8658 167.1813 15.43725625 30973
1 39382U 13064C   14161.34738126  .00055424  00000-0  11850-2 0  9993
2 39382 040.4957 135.9110 0018348 194.6860 165.3723 15.43754301 31008
1 39382U 13064C   14161.86488416  .00061577  00000-0  13101-2 0  9991
2 39382 040.4948 132.7928 0019112 197.4412 162.7566 15.43847194 31081
1 39382U 13064C   14162.31762867  .00067119  00000-0  14235-2 0  9994
2 39382 040.4948 130.0630 0018205 201.1924 158.8197 15.43929068 31150
1 39382U 13064C   14163.80523074  .00066214  00000-0  13948-2 0  9999
2 39382 040.4942 121.1029 0018793 213.1092 146.8474 15.44120322 31385
1 39382U 13064C   14165.09864226  .00067288  00000-0  14077-2 0  9995
2 39382 040.4947 113.3129 0019784 221.1992 138.7339 15.44295979 31586
1 39382U 13064C   14166.13326572  .00068270  00000-0  14211-2 0  9990
2 39382 040.4946 107.0766 0019824 229.1075 130.8003 15.44437938 31749
1 39382U 13064C   14167.23245485  .00067765  00000-0  14031-2 0  9993
2 39382 040.4947 100.4524 0020428 236.3897 123.4952 15.44582458 31911
1 39382U 13064C   14168.00829128  .00066653  00000-0  13769-2 0  9993
2 39382 040.4949 095.7701 0019310 244.0493 115.7871 15.44679474 32035
1 39382U 13064C   14168.20225122  .00065298  00000-0  13463-2 0  9994
2 39382 040.4951 094.6068 0021424 241.9729 117.8868 15.44696773 32062
1 39382U 13064C   14169.10732787  .00062580  00000-0  12867-2 0  9992
2 39382 040.4946 089.1491 0021175 248.3464 111.4612 15.44797487 32202
1 39382U 13064C   14169.81842524  .00059812  00000-0  12275-2 0  9998
2 39382 040.4948 084.8608 0021114 253.6317 106.1645 15.44870941 32311
1 39382U 13064C   14170.14164949  .00058872  00000-0  12069-2 0  9990
2 39382 040.4947 082.9113 0021231 255.2096 104.6317 15.44903663 32364
1 39382U 13064C   14171.69296655  .00058084  00000-0  11838-2 0  9999
2 39382 040.4947 073.5537 0021251 266.1949 093.6430 15.45079245 32601
1 39382U 13064C   14172.01613504  .00057221  00000-0  11654-2 0  9990
2 39382 040.4946 071.6009 0020948 269.5787 090.2315 15.45111040 32652
1 39382U 13064C   14173.05023531  .00053332  00000-0  10837-2 0  9991
2 39382 040.4949 065.3601 0020940 276.2581 083.4850 15.45203618 32811
1 39382U 13064C   14173.69653207  .00051054  00000-0  10353-2 0  9992
2 39382 040.4943 061.4589 0021563 282.2021 077.6009 15.45260809 32912
1 39382U 13064C   14174.01967003  .00044511  00000-0  90409-3 0  9992
2 39382 040.4976 059.5192 0021456 279.8046 079.9313 15.45262152 32967
1 39382U 13064C   14175.05369148  .00040445  00000-0  82054-3 0  9992
2 39382 040.4961 053.2776 0021420 285.2831 074.4771 15.45329505 33127
1 39382U 13064C   14175.82918012  .00038102  00000-0  77219-3 0  9991
2 39382 040.4957 048.5919 0021420 294.7233 065.0777 15.45380293 33245
1 39382U 13064C   14176.02305561  .00035918  00000-0  72865-3 0  9997
2 39382 040.4962 047.4229 0020981 293.6381 066.1705 15.45381957 33270
1 39382U 13064C   14176.86313402  .00033403  00000-0  67693-3 0  9992
2 39382 040.4967 042.3472 0021313 304.2895 055.5220 15.45429281 33400
1 39382U 13064C   14177.83243018  .00031701  00000-0  64160-3 0  9990
2 39382 040.4966 036.4960 0021406 309.4165 050.4605 15.45483814 33554
1 39382U 13064C   14178.93091070  .00032131  00000-0  64864-3 0  9990
2 39382 040.4967 029.8640 0021266 316.6783 043.2564 15.45556195 33722
1 39382U 13064C   14179.96471303  .00034224  00000-0  68821-3 0  9997
2 39382 040.4960 023.6226 0021813 326.2175 033.7209 15.45634713 33887
1 39382U 13064C   14180.93386006  .00038389  00000-0  76781-3 0  9991
2 39382 040.4956 017.7646 0022905 335.0205 025.0185 15.45725577 34031
1 39382U 13064C   14181.70912595  .00040951  00000-0  81737-3 0  9990
2 39382 040.4959 013.0863 0021530 337.0808 022.9726 15.45797556 34154
1 39382U 13064C   14181.90292694  .00044689  00000-0  88877-3 0  9997
2 39382 040.4952 011.9125 0023035 338.8475 021.2322 15.45835371 34181
1 39382U 13064C   14182.41972781  .00047408  00000-0  94155-3 0  9994
2 39382 040.4962 008.7954 0021507 341.6158 018.4339 15.45893457 34262
1 39382U 13064C   14183.38870163  .00052038  00000-0  10290-2 0  9994
2 39382 040.4953 002.9461 0020661 347.0013 013.1466 15.46009762 34410
1 39382U 13064C   14184.55135983  .00062068  00000-0  12180-2 0  9992
2 39382 040.4954 355.9229 0019214 355.1524 005.3849 15.46202522 34599
1 39382U 13064C   14184.87420428  .00063875  00000-0  12490-2 0  9999
2 39382 040.4962 353.9657 0021110 359.4667 000.6057 15.46252206 34643
1 39382U 13064C   14185.71378498  .00070832  00000-0  13787-2 0  9993
2 39382 040.4957 348.8920 0019008 357.8545 002.3733 15.46396132 34774
1 39382U 13064C   14185.84291581  .00073902  00000-0  14303-2 0  9990
2 39382 040.4964 348.0958 0023818 004.2104 355.8790 15.46430478 34796
1 39382U 13064C   14186.48868109  .00079633  00000-0  15388-2 0  9998
2 39382 040.4965 344.2071 0019445 008.8479 351.3880 15.46552689 34898
1 39382U 13064C   14186.81151510  .00081300  00000-0  15659-2 0  9991
2 39382 040.4974 342.2510 0020576 011.2247 348.9013 15.46612596 34942
1 39382U 13064C   14187.32806634  .00086972  00000-0  16684-2 0  9991
2 39382 040.4973 339.1301 0020147 014.6046 345.5714 15.46712255 35026
1 39382U 13064C   14188.36106141  .00087827  00000-0  16743-2 0  9998
2 39382 040.4969 332.8813 0019941 022.2521 337.9158 15.46892646 35189
1 39382U 13064C   14188.61929317  .00089126  00000-0  16965-2 0  9994
2 39382 040.4964 331.3211 0019365 023.9446 336.2559 15.46943318 35229
1 39382U 13064C   14189.71667906  .00093032  00000-0  17561-2 0  9993
2 39382 040.4961 324.6784 0019756 032.1578 328.1191 15.47158544 35398
1 39382U 13064C   14190.42666021  .00095567  00000-0  17942-2 0  9998
2 39382 040.4966 320.3788 0019865 038.1335 322.1210 15.47300058 35506
1 39382U 13064C   14190.68481748  .00098768  00000-0  18488-2 0  9999
2 39382 040.4958 318.8170 0020053 038.8697 321.4369 15.47366798 35547
1 39382U 13064C   14191.39469969  .00102480  00000-0  19077-2 0  9991
2 39382 040.4965 314.5196 0019541 044.2364 316.0605 15.47521758 35652
1 39382U 13064C   14191.71734115  .00104265  00000-0  19341-2 0  9992
2 39382 040.4951 312.5635 0020405 044.4067 315.8428 15.47595540 35702
1 39382U 13064C   14192.36260666  .00106444  00000-0  19653-2 0  9996
2 39382 040.4950 308.6566 0019689 050.7975 309.4904 15.47736563 35801
1 39382U 13064C   14193.39490738  .00106791  00000-0  19571-2 0  9999
2 39382 040.4950 302.4020 0019480 058.4572 301.8103 15.47950956 35963
1 39382U 13064C   14193.65296158  .00104813  00000-0  19173-2 0  9999
2 39382 040.4949 300.8352 0020400 058.7587 301.4451 15.47992459 36006
1 39382U 13064C   14194.36258338  .00103380  00000-0  18832-2 0  9995
2 39382 040.4951 296.5334 0019851 063.7728 296.4869 15.48129669 36115
1 39382U 13064C   14194.68511619  .00100725  00000-0  18327-2 0  9993
2 39382 040.4945 294.5801 0019639 067.7715 292.4440 15.48178951 36163
1 39382U 13064C   14195.52365537  .00098829  00000-0  17889-2 0  9996
2 39382 040.4938 289.5027 0019726 072.5771 287.7004 15.48333660 36299
1 39382U 13064C   14195.65265476  .00094637  00000-0  17157-2 0  9992
2 39382 040.4957 288.7269 0018411 080.6303 279.5745 15.48334275 36317
1 39382U 13064C   14196.16864081  .00092588  00000-0  16741-2 0  9997
2 39382 040.4951 285.5989 0018423 082.0769 278.1716 15.48420323 36391
1 39382U 13064C   14196.62010434  .00086026  00000-0  15545-2 0  9994
2 39382 040.4946 282.8672 0018618 091.8466 268.2834 15.48461977 36461
1 39382U 13064C   14197.13606302  .00082203  00000-0  14827-2 0  9991
2 39382 040.4944 279.7332 0018661 088.4986 271.7249 15.48532245 36549
1 39382U 13064C   14197.58749652  .00076422  00000-0  13784-2 0  9993
2 39382 040.4946 276.9953 0018146 095.9102 264.2360 15.48570524 36611
1 39382U 13064C   14197.58754214  .00039335  00000-0  71186-3 0  9996
2 39382 040.4923 276.9998 0019143 088.5546 271.7981 15.48549668 36610
1 39382U 13064C   14198.16790133  .00070717  00000-0  12736-2 0  9995
2 39382 040.4937 273.4604 0018681 092.6088 267.5669 15.48630318 36703
1 39382U 13064C   14198.42586360  .00067766  00000-0  12181-2 0  9993
2 39382 040.4934 271.8926 0020934 087.9733 272.2094 15.48648558 36741
1 39382U 13064C   14198.61934248  .00063252  00000-0  11379-2 0  9990
2 39382 040.4953 270.7329 0020881 101.2287 259.0172 15.48649901 36778
1 39382U 13064C   14199.19970713  .00060081  00000-0  10803-2 0  9999
2 39382 040.4948 267.2089 0019888 102.6632 257.5897 15.48707245 36863
1 39382U 13064C   14199.39316295  .00057318  00000-0  10300-2 0  9991
2 39382 040.4949 266.0239 0020949 095.7740 264.4308 15.48713998 36899
1 39382U 13064C   14199.58662967  .00052949  00000-0  95339-3 0  9993
2 39382 040.4956 264.8635 0019775 111.0636 249.1878 15.48711471 36924
1 39382U 13064C   14200.10248783  .00049361  00000-0  88908-3 0  9998
2 39382 040.4928 261.7262 0018661 109.0001 251.2257 15.48749277 37001
1 39382U 13064C   14200.36041976  .00046701  00000-0  84091-3 0  9995
2 39382 040.4930 260.1475 0019410 101.6236 258.5805 15.48760219 37046
1 39382U 13064C   14200.55387723  .00039842  00000-0  71955-3 0  9992
2 39382 040.4930 258.9922 0018567 110.9584 249.2470 15.48746501 37075
1 39382U 13064C   14201.39212636  .00037349  00000-0  67360-3 0  9990
2 39382 040.4934 253.9014 0018975 113.7892 246.4108 15.48798312 37201
1 39382U 13064C   14201.52109813  .00036103  00000-0  65120-3 0  9996
2 39382 040.4937 253.1285 0019248 121.2391 239.0223 15.48800846 37222
1 39382U 13064C   14202.10140004  .00032766  00000-0  59078-3 0  9994
2 39382 040.4935 249.6052 0019978 127.1777 233.0561 15.48828800 37314
1 39382U 13064C   14202.35931407  .00031182  00000-0  56224-3 0  9997
2 39382 040.4935 248.0390 0020317 127.4513 232.7699 15.48837107 37354
1 39382U 13064C   14202.55275294  .00029283  00000-0  52875-3 0  9991
2 39382 040.4930 246.8613 0019399 128.0120 232.2208 15.48840790 37388
1 39382U 13064C   14203.45542478  .00028011  00000-0  50532-3 0  9998
2 39382 040.4930 241.3816 0019227 132.5016 227.7294 15.48886569 37521
1 39382U 13064C   14204.48701128  .00027099  00000-0  48808-3 0  9999
2 39382 040.4929 235.1261 0019485 142.1882 218.0319 15.48939598 37687
1 39382U 13064C   14205.51855315  .00027967  00000-0  50252-3 0  9992
2 39382 040.4927 228.8631 0019219 149.5681 210.6261 15.49000765 37846
1 39382U 13064C   14206.42111800  .00029132  00000-0  52204-3 0  9992
2 39382 040.4915 223.3864 0019401 157.0116 203.1687 15.49057993 37980
1 39382U 13064C   14207.38810784  .00031668  00000-0  56514-3 0  9990
2 39382 040.4907 217.5208 0020107 166.4513 193.7168 15.49129254 38134
1 39382U 13064C   14208.35505084  .00035469  00000-0  63025-3 0  9990
2 39382 040.4900 211.6518 0020103 174.5302 185.6422 15.49211703 38288
1 39382U 13064C   14208.93518196  .00038028  00000-0  67415-3 0  9993
2 39382 040.4910 208.1242 0019587 175.5568 184.5714 15.49266107 38373
1 39382U 13064C   14209.38637243  .00042848  00000-0  75816-3 0  9997
2 39382 040.4900 205.3777 0017303 178.3884 181.7300 15.49327504 38447
1 39382U 13064C   14210.15982947  .00044785  00000-0  78818-3 0  9995
2 39382 040.4914 200.6918 0020228 185.7879 174.3317 15.49402966 38568
1 39382U 13064C   14210.35317770  .00047704  00000-0  83842-3 0  9990
2 39382 040.4899 199.5145 0019465 187.4082 172.7227 15.49437590 38590
1 39382U 13064C   14210.99767073  .00050270  00000-0  88006-3 0  9994
2 39382 040.4910 195.6002 0020362 192.1154 167.9676 15.49511200 38690
1 39382U 13064C   14211.31990293  .00053724  00000-0  93865-3 0  9999
2 39382 040.4904 193.6369 0019541 196.9595 163.1578 15.49564005 38741
1 39382U 13064C   14212.28655340  .00058918  00000-0  10241-2 0  9993
2 39382 040.4913 187.7596 0018685 203.5631 156.5491 15.49696844 38894
1 39382U 13064C   14213.12423974  .00064550  00000-0  11091-2 0  9996
2 39382 040.4932 182.7089 0025284 207.5334 152.6077 15.49826255 39028
1 39382U 13064C   14213.31751087  .00068008  00000-0  11699-2 0  9992
2 39382 040.4934 181.5146 0021918 209.6142 150.3634 15.49867147 39053
1 39382U 13064C   14214.09069046  .00069139  00000-0  11820-2 0  9997
2 39382 040.4945 176.8222 0024145 213.2246 146.7463 15.49976334 39179
1 39382U 13064C   14214.28397016  .00075475  00000-0  12914-2 0  9994
2 39382 040.4917 175.6184 0019325 218.5527 141.5182 15.50040134 39203
1 39382U 13064C   14214.92819696  .00079384  00000-0  13514-2 0  9998
2 39382 040.4928 171.7100 0019814 222.0381 137.9406 15.50153447 39302
1 39382U 13064C   14217.18243742  .00110333  00000-0  18239-2 0  9991
2 39382 040.4901 158.0094 0023587 234.5887 125.2729 15.50749955 39644
1 39382U 13064C   14218.21272187  .00113909  00000-0  18687-2 0  9990
2 39382 040.4918 151.7349 0022767 243.3203 116.4988 15.50970455 39802
1 39382U 13064C   14219.17848864  .00112430  00000-0  18314-2 0  9992
2 39382 040.4911 145.8548 0022720 251.3354 108.4819 15.51175354 39951
1 39382U 13064C   14220.07975188  .00109747  00000-0  17776-2 0  9991
2 39382 040.4908 140.3581 0022273 262.5521 097.1868 15.51355879 40094
1 39382U 13064C   14220.14414009  .00108808  00000-0  17602-2 0  9994
2 39382 040.4912 139.9638 0023351 261.3148 098.5084 15.51364821 40100
1 39382U 13064C   14221.04529164  .00097280  00000-0  15684-2 0  9992
2 39382 040.4918 134.4803 0022940 263.1817 096.5354 15.51517486 40246
1 39382U 13064C   14221.81766254  .00095644  00000-0  15358-2 0  9990
2 39382 040.4925 129.7703 0022204 270.9411 088.8385 15.51656862 40362
1 39382U 13064C   14222.13946531  .00092918  00000-0  14869-2 0  9991
2 39382 040.4912 127.8222 0024420 265.7856 094.0175 15.51703207 40418
1 39382U 13064C   14223.04043048  .00088728  00000-0  14133-2 0  9991
2 39382 040.4919 122.3404 0024707 267.1306 092.5732 15.51842437 40557
1 39382U 13064C   14224.07004691  .00080644  00000-0  12812-2 0  9997
2 39382 040.4921 116.0589 0023844 276.0312 083.6685 15.51974581 40713
1 39382U 13064C   14224.84219795  .00076516  00000-0  12125-2 0  9995
2 39382 040.4921 111.3432 0023318 285.8173 073.9204 15.52077828 40838
1 39382U 13064C   14225.09958071  .00073794  00000-0  11693-2 0  9994
2 39382 040.4918 109.7692 0023069 289.6973 070.0501 15.52100663 40872
1 39382U 13064C   14226.06469315  .00068958  00000-0  10884-2 0  9997
2 39382 040.4927 103.8853 0023640 297.3648 062.4570 15.52215459 41025
1 39382U 13064C   14227.86598944  .00067273  00000-0  10536-2 0  9990
2 39382 040.4924 092.8939 0023285 311.9879 047.8114 15.52448842 41304
1 39382U 13064C   14228.95958513  .00055995  00000-0  87656-3 0  9999
2 39382 040.4898 086.2190 0022372 312.5778 047.3650 15.52524196 41487
1 39382U 13064C   14229.02383923  .00058931  00000-0  92119-3 0  9998
2 39382 040.4918 085.8281 0023454 316.5248 043.0153 15.52542067 41482
1 39382U 13064C   14229.66712246  .00056469  00000-0  88085-3 0  9993
2 39382 040.4922 081.9053 0023765 323.7165 036.1505 15.52605386 41583
1 39382U 13064C   14230.95348787  .00057040  00000-0  88507-3 0  9997
2 39382 040.4921 074.0523 0023581 332.8471 027.1115 15.52752756 41787
1 39382U 13064C   14231.91816863  .00063051  00000-0  97329-3 0  9990
2 39382 040.4938 068.1722 0022557 336.8316 023.2234 15.52889883 41932
1 39382U 13064C   14232.94702841  .00071831  00000-0  10996-2 0  9993
2 39382 040.4932 061.8905 0023032 341.2650 018.7351 15.53061117 42099
1 39382U 13064C   14233.78289593  .00156640  00000-0  23901-2 0  9992
2 39382 040.4909 056.7879 0021850 348.3179 011.7640 15.53241120 42229
1 39382U 13064C   14233.84720378  .00076367  00000-0  11619-2 0  9990
2 39382 040.4940 056.3864 0025332 348.8301 011.2455 15.53220567461119
1 39382U 13064C   14233.91151470  .00079426  00000-0  12022-2 0  9997
2 39382 040.4924 055.9870 0026314 352.1883 007.9984 15.53241105 42246
1 39382U 13064C   14234.74728359  .00086184  00000-0  13075-2 0  9993
2 39382 040.4956 050.9196 0015822 348.7625 011.5353 15.53406776 42376
1 39382U 13064C   14234.87581303  .00092723  00000-0  13948-2 0  9998
2 39382 040.4941 050.1000 0022667 359.7976 000.2877 15.53456827 42392
1 39382U 13064C   14235.71148404  .00094780  00000-0  14191-2 0  9999
2 39382 040.4941 045.0042 0021008 003.4747 356.6774 15.53619184 42524
1 39382U 13064C   14236.67559488  .00097323  00000-0  14450-2 0  9997
2 39382 040.4937 039.1046 0022070 010.7254 349.3913 15.53810449 42678
1 39382U 13064C   14237.70386646  .00099036  00000-0  14597-2 0  9991
2 39382 040.4932 032.8213 0021634 018.1338 342.0524 15.54015341 42834
1 39382U 13064C   14238.86049150  .00124550  00000-0  18304-2 0  9995
2 39382 040.4897 025.7499 0021570 025.6038 334.6363 15.54272145 43016
1 39382U 13064C   14238.86049389  .00105645  00000-0  15512-2 0  9991
2 39382 040.4906 025.7497 0022473 025.7314 334.5138 15.54272616461898
1 39382U 13064C   14240.27388331  .00205174  00000-0  29827-2 0  9994
2 39382 040.4898 017.0987 0020902 036.4020 323.8733 15.54584411 43239
1 39382U 13064C   14240.78769556  .00487754  00000-0  70190-2 0  9997
2 39382 040.4873 013.9508 0021282 041.3372 318.9561 15.54849938 43314
1 39382U 13064C   14240.78776783  .00123120  00000-0  17528-2 0  9997
2 39382 040.4958 013.9330 0025035 034.0742 326.4711 15.54769311 43318
1 39382U 13064C   14241.62266516  .00137390  00000-0  19433-2 0  9990
2 39382 040.4949 008.8589 0018981 050.7831 309.8826 15.55048968 43448
1 39382U 13064C   14242.52154531  .00155369  00000-0  21607-2 0  9995
2 39382 040.4916 003.3163 0021482 053.1485 307.2324 15.55382019 43580
1 39382U 13064C   14242.77834358  .00161663  00000-0  22414-2 0  9995
2 39382 040.4932 001.7657 0019855 056.1420 304.1611 15.55480359 43627
1 39382U 13064C   14246.24397099  .00137751  00000-0  18540-2 0  9993
2 39382 040.4932 340.5006 0020432 081.6951 276.6324 15.56351664 44165
1 39382U 13064C   14247.27088033  .00137427  00000-0  18304-2 0  9990
2 39382 040.4934 334.1893 0020921 087.0976 273.1702 15.56621766 44323
1 39382U 13064C   14248.42555844  .00137763  00000-0  18133-2 0  9990
2 39382 040.4920 327.1086 0021217 095.2286 265.0870 15.56928501 44501
1 39382U 13064C   14249.57998816  .00142855  00000-0  18565-2 0  9994
2 39382 040.4923 320.0151 0020957 102.7017 257.6235 15.57255466 44680
1 39382U 13064C   14250.60593775  .00149179  00000-0  19146-2 0  9997
2 39382 040.4923 313.7113 0020949 112.1847 248.1874 15.57565910 44844
1 39382U 13064C   14251.43935688  .00154947  00000-0  19667-2 0  9999
2 39382 040.4925 308.5904 0021239 123.9625 236.4232 15.57832367 44978
1 39382U 13064C   14252.40080600  .00159021  00000-0  19935-2 0  9998
2 39382 040.4919 302.6787 0021439 133.3347 226.9793 15.58140316 45124
1 39382U 13064C   14253.16982701  .00163776  00000-0  20330-2 0  9998
2 39382 040.4919 297.9323 0020832 130.9810 229.2812 15.58399471 45249
1 39382U 13064C   14254.38720819  .00166340  00000-0  20338-2 0  9991
2 39382 040.4910 290.4352 0020641 139.7308 220.4992 15.58793486 45434
1 39382U 13064C   14255.34808070  .00173461  00000-0  20914-2 0  9996
2 39382 040.4901 284.5150 0020509 149.1003 211.2797 15.59140029 45581
1 39382U 13064C   14258.93343095  .00243451  00000-0  27082-2 0  9995
2 39382 040.4926 262.4108 0025090 182.1796 181.7359 15.60876707 46141
1 39382U 13064C   14259.38056811  .00241333  00000-0  26605-2 0  9999
2 39382 040.4955 259.6644 0026718 189.0744 170.8396 15.61064218 46218
1 39382U 13064C   14259.95627814  .00227303  00000-0  24995-2 0  9990
2 39382 040.4824 256.0640 0024528 186.4818 173.1338 15.61242572 46303
1 39382U 13064C   14260.34011627  .00205603  00000-0  22671-2 0  9992
2 39382 040.4876 253.6949 0021910 177.8447 181.8988 15.61317304 46368
1 39382U 13064C   14261.36341318  .00205220  00000-0  22277-2 0  9995
2 39382 040.4876 247.3705 0022061 190.8491 169.1829 15.61717198 46526
1 39382U 13064C   14262.06673566  .00208801  00000-0  22406-2 0  9998
2 39382 040.4872 243.0149 0021772 196.9466 163.0900 15.62007957 46635
1 39382U 13064C   14262.32245160  .00215980  00000-0  23043-2 0  9996
2 39382 040.4891 241.4382 0021936 198.4126 161.6121 15.62128064 46675
1 39382U 13064C   14263.08949685  .00222515  00000-0  23377-2 0  9995
2 39382 040.4907 236.6946 0023047 203.6259 156.4289 15.62470660 46798
1 39382U 13064C   14263.34512732  .00226852  00000-0  23725-2 0  9998
2 39382 040.4906 235.1063 0022067 203.7430 156.3017 15.62599249 46832
1 39382U 13064C   14264.17582275  .00238987  00000-0  24474-2 0  9993
2 39382 040.4886 229.9686 0025128 210.8718 149.2207 15.63005893 46964
1 39382U 13064C   14265.13402575  .00240533  00000-0  24228-2 0  9991
2 39382 040.4898 224.0207 0024422 216.3737 143.4677 15.63441648 47117
1 39382U 13064C   14265.32565443  .00239764  00000-0  24018-2 0  9997
2 39382 040.4896 222.8411 0026295 216.6474 143.2398 15.63522778 47144
1 39382U 13064C   14266.09201115  .00235830  00000-0  23304-2 0  9992
2 39382 040.4921 218.0981 0027225 217.3227 142.4061 15.63846431 47266
1 39382U 13064C   14266.28360603  .00234352  00000-0  23059-2 0  9996
2 39382 040.4900 216.9113 0028235 218.3462 141.5055 15.63923361 47295
1 39382U 13064C   14266.92209044  .00225418  00000-0  22089-2 0  9993
2 39382 040.4887 212.9225 0024719 229.1404 130.5728 15.64172087 47396
1 39382U 13064C   14267.17748396  .00228148  00000-0  22252-2 0  9994
2 39382 040.4894 211.3366 0024344 231.2705 128.6222 15.64292736 47431
1 39382U 13064C   14268.83678421  .00255254  00000-0  24538-2 0  9996
2 39382 040.4860 201.0251 0024889 241.0444 118.8361 15.65194447 47690
1 39382U 13064C   14270.81436193  .00353046  00000-0  30963-2 0  9992
2 39382 040.4943 188.7175 0023648 247.4420 116.3343 15.66579269 48003
1 39382U 13064C   14271.13237010  .00324150  00000-0  28458-2 0  9995
2 39382 040.4879 186.6848 0020782 266.8997 092.8777 15.66718468 48055
1 39382U 13064C   14271.19612135  .00328853  00000-0  28774-2 0  9991
2 39382 040.4888 186.3036 0021315 267.3115 092.5273 15.66773823 48067
1 39382U 13064C   14272.08828964  .00363382  00000-0  30631-2 0  9990
2 39382 040.4849 180.7921 0025098 258.0484 102.2199 15.67476003 48206
1 39382U 13064C   14272.78889834  .00375791  00000-0  30985-2 0  9999
2 39382 040.4832 176.4106 0024973 265.4103 094.4207 15.67982236 48310
1 39382U 13064C   14273.04363203  .00389849  00000-0  31790-2 0  9990
2 39382 040.4871 174.7957 0025191 271.4665 088.4550 15.68204029 48357
1 39382U 13064C   14274.06223277  .00431771  00000-0  33846-2 0  9995
2 39382 040.4932 168.4345 0023888 270.8674 089.2789 15.69080035 48511
1 39382U 13064C   14274.63488353  .00441937  00000-0  33934-2 0  9999
2 39382 040.4926 164.8522 0023514 275.2570 084.5699 15.69559618 48607
1 39382U 13064C   14276.60617990  .00511684  00000-0  35928-2 0  9991
2 39382 040.4878 152.4950 0024010 291.9113 069.1300 15.71479695 48912
1 39382U 13064C   14277.05074042  .00510496  00000-0  35190-2 0  9997
2 39382 040.4858 149.7037 0025052 292.5471 067.2737 15.71883614 48986
1 39382U 13064C   14277.87643428  .00520669  00000-0  34687-2 0  9990
2 39382 040.4876 144.5057 0024482 299.6263 060.2097 15.72673318 49111
1 39382U 13064C   14278.06691901  .00523689  00000-0  34597-2 0  9996
2 39382 040.4867 143.3105 0024567 299.7743 060.0629 15.72858128 49146
1 39382U 13064C   14278.51129466  .00536576  00000-0  34731-2 0  9997
2 39382 040.4868 140.5145 0024274 302.6656 057.1974 15.73308449 49217
1 39382U 13064C   14278.89206767  .00554320  00000-0  35172-2 0  9995
2 39382 040.4857 138.1190 0024355 301.7569 058.0892 15.73719743 49279
1 39382U 13064C   14279.01897504  .00557208  00000-0  35134-2 0  9991
2 39382 040.4864 137.3214 0024510 302.7219 057.1237 15.73851957 49290
1 39382U 13064C   14279.52649778  .00567306  00000-0  34923-2 0  9990
2 39382 040.4864 134.1212 0024336 306.2311 053.6185 15.74382999 49379
1 39382U 13064C   14279.90704190  .00563844  00000-0  34169-2 0  9997
2 39382 040.4871 131.7248 0024143 307.7706 052.0880 15.74758184 49434
1 39382U 13064C   14280.03386870  .00564011  00000-0  33975-2 0  9995
2 39382 040.4865 130.9241 0024433 308.4108 051.4510 15.74885885 49451
1 39382U 13064C   14280.54106349  .00569100  00000-0  33470-2 0  9996
2 39382 040.4872 127.7198 0024670 313.2494 046.6158 15.75411145 49537
1 39382U 13064C   14280.85798574  .00564987  00000-0  32827-2 0  9990
2 39382 040.4875 125.7176 0023852 315.5926 044.2975 15.75723468 49580
1 39382U 13064C   14280.98473172  .00567335  00000-0  32763-2 0  9997
2 39382 040.4874 124.9175 0023843 316.2325 043.6581 15.75856511 49605
1 39382U 13064C   14281.55495727  .00580553  00000-0  32573-2 0  9997
2 39382 040.4877 121.3145 0024046 321.2831 038.6276 15.76467528 49691
1 39382U 13064C   14281.74498146  .00590751  00000-0  32822-2 0  9994
2 39382 040.4855 120.1105 0023725 322.9195 036.9884 15.76672076 49720
1 39382U 13064C   14281.99830098  .00574946  00000-0  31429-2 0  9997
2 39382 040.4810 118.5121 0025741 320.6590 039.2368 15.77009360 49751
1 39382U 13064C   14282.50483389  .00539363  00000-0  30733-2 0  9993
2 39382 040.4832 115.2970 0023914 327.9969 031.9846 15.77492134468728
1 39382U 13064C   14282.63137282  .00617065  00000-0  32368-2 0  9997
2 39382 040.4809 114.4957 0024628 323.0235 036.8895 15.77861368 49850
1 39382U 13064C   14282.75794981  .00592312  00000-0  30879-2 0  9997
2 39382 040.4810 113.6942 0024716 324.0071 035.9092 15.78056653 49879
1 39382U 13064C   14283.58035993  .00604608  00000-0  29985-2 0  9998
2 39382 040.4809 108.4809 0025031 330.3870 029.5541 15.79116046 50008
1 39382U 13064C   14283.95974783  .00579478  00000-0  28215-2 0  9999
2 39382 040.4814 106.0717 0025428 332.6433 027.3056 15.79565587 50067
1 39382U 13064C   14284.40221453  .00622113  00000-0  29363-2 0  9999
2 39382 040.4811 103.2609 0025573 335.4519 024.5091 15.80134202 50134
1 39382U 13064C   14284.90767202  .00649927  00000-0  29496-2 0  9990
2 39382 040.4803 100.0436 0025071 338.2407 021.7356 15.80932994 50214
1 39382U 13064C   14285.60231389  .00682968  00000-0  29612-2 0  9992
2 39382 040.4802 095.6186 0024869 342.9751 017.0242 15.81840754 50329
1 39382U 13064C   14285.91792565  .00848071  00000-0  35451-2 0  9991
2 39382 040.4804 093.6076 0025410 344.8873 015.1195 15.82214551 50378
1 39382U 13064C   14286.61198512  .00672243  00000-0  27374-2 0  9992
2 39382 040.4802 089.1776 0024840 349.5463 010.4849 15.83196532 50481
1 39382U 13064C   14286.86426665  .00677352  00000-0  27088-2 0  9990
2 39382 040.4802 087.5657 0024895 351.0916 008.9470 15.83562351 50525
1 39382U 13064C   14287.49470437  .00652175  00000-0  24915-2 0  9998
2 39382 040.4789 083.5364 0025483 357.2149 002.8536 15.84551070 50624
1 39382U 13064C   14288.69130520  .00746724  21714-3  26989-2 0  9992
2 39382 040.4790 075.8309 0030383 001.7923 358.3013 15.86943426 50817
1 39382U 13064C   14289.44613025  .00815780  26647-3  27268-2 0  9992
2 39382 040.4786 070.9766 0030591 006.5020 353.6204 15.88484781 50936
1 39382U 13064C   14289.69757370  .00870302  30777-3  28303-2 0  9992
2 39382 040.4782 069.3564 0031244 007.6775 352.4530 15.88992881 50973
1 39382U 13064C   14290.63971193  .00944970  37782-3  28098-2 0  9996
2 39382 040.4790 063.3131 0024020 013.8520 346.2967 15.91090294 51121
1 39382U 13064C   14290.63975030  .01200894  64207-3  36125-2 0  9993
2 39382 040.4842 063.2955 0021763 018.2945 342.1496 15.91021673 51131
1 39382U 13064C   14291.45517680  .01038761  47875-3  27173-2 0  9994
2 39382 040.4769 057.9963 0030796 017.8404 342.3504 15.93186857 51252
1 39382U 13064C   14291.70585980  .01130121  58431-3  28387-2 0  9991
2 39382 040.4767 056.3685 0031065 019.0736 341.1254 15.93944040 51295
1 39382U 13064C   14292.45713484  .01991687  23949-2  46227-2 0  9996
2 39382 040.4752 051.5143 0022202 025.6787 334.5145 15.96279428 51410
1 39382U 13064C   14292.70727883  .01889084  21257-2  41322-2 0  9990
2 39382 040.4753 049.8861 0022095 026.0572 334.1371 15.97284344 51450
1 39382U 13064C   14293.08216446  .02948650  84077-2  65349-2 0  9990
2 39382 040.4716 047.3432 0031108 026.3124 333.9285 15.98089164 51519
1 39382U 13064C   14293.45673377  .03244506  14223-1  71878-2 0  9990
2 39382 040.4710 044.8965 0027656 030.6797 329.5650 15.99693393 51572
1 39382U 13064C   14293.58151098  .02328041  41579-2  42504-2 0  9990
2 39382 040.4818 044.1883 0016884 034.9899 325.2007 16.01161396 51592
1 39382U 13064C   14293.58151162  .02295849  39830-2  41757-2 0  9997
2 39382 040.4800 044.1926 0018602 033.9307 326.2297 16.01119961 51609
1 39382U 13064C   14294.39121576  .02981758  13233-1  46098-2 0  9995
2 39382 040.4737 038.8373 0016387 032.8470 328.1506 16.06186004 51736
1 39382U 13064C   14294.63961233  .03358388  16062-1  45350-2 0  9995
2 39382 040.4775 037.1972 0016122 037.2349 322.8702 16.08005114 51773
1 39382U 13064C   14294.70172920  .03400082  17953-1  45478-2 0  9990
2 39382 040.4774 036.7911 0015468 037.8523 322.4043 16.08516978 51782
1 39382U 13064C   14295.32139000  .04436290  58468-1  46419-2 0  9994
2 39382 040.4767 032.6680 0013928 033.9857 325.9169 16.14765656 51882
1 39382U 13064C   14295.56852599  .06868969  70665-5  38996-2 0  9997
2 39382 040.4758 031.0153 0011987 037.0184 322.8979 16.17936068 51921
1 39382U 13064C   14295.69192259  .07367434  70945-5  36128-2 0  9999
2 39382 040.4740 030.1848 0011115 038.5564 321.5836 16.19865409 51946
1 39382U 13064C   14295.69194059  .07301741  00000-0  36367-2 0  9993
2 39382 040.4713 030.2705 0002289 341.7175 018.4586 16.19795749470823
1 39382U 13064C   14295.69196181  .08127694  71009-5  39440-2 0  9992
2 39382 040.4749 030.1842 0010618 038.7078 321.6815 16.20014304 51948
