1 39384U 13064E   13340.70870675  .00020550  00000-0  89550-3 0  9994
2 39384 040.5058 153.1713 0001222 094.4523 265.6618 15.21689361  2532
1 39384U 13064E   13341.69313278  .00022096  00000-0  96064-3 0  9999
2 39384 040.5055 147.4388 0001515 077.7111 282.3944 15.21739004  2689
1 39384U 13064E   13342.67752930  .00023354  00000-0  10132-2 0  9999
2 39384 040.5062 141.7083 0001405 090.7727 269.3443 15.21789948  2830
1 39384U 13064E   13343.79313494  .00029996  00000-0  12946-2 0  9994
2 39384 040.5069 135.2143 0001704 091.4779 268.6965 15.21871675  3009
1 39384U 13064E   13344.84305058  .00030051  00000-0  12945-2 0  9991
2 39384 040.5066 129.1002 0001606 105.4941 254.6121 15.21935055  3169
1 39384U 13064E   13346.35224270  .00030784  00000-0  13221-2 0  9996
2 39384 040.5063 120.3104 0001625 125.0057 235.0959 15.22029510  3397
1 39384U 13064E   13347.40206226  .00030544  00000-0  13095-2 0  9997
2 39384 040.5064 114.1950 0001732 138.3301 221.7682 15.22092625  3556
1 39384U 13064E   13348.64865941  .00031605  00000-0  13512-2 0  9992
2 39384 040.5066 106.9344 0001876 144.5848 215.5094 15.22175383  3740
1 39384U 13064E   13349.63276605  .00032991  00000-0  14069-2 0  9992
2 39384 040.5069 101.2006 0001885 155.5535 204.5503 15.22245790  3890
1 39384U 13064E   13350.61682371  .00034802  00000-0  14800-2 0  9999
2 39384 040.5078 095.4634 0001625 148.9222 211.1812 15.22320886  4047
1 39384U 13064E   13351.66643290  .00035125  00000-0  14903-2 0  9995
2 39384 040.5079 089.3463 0001973 161.9077 198.1652 15.22394644  4206
1 39384U 13064E   13352.58480649  .00033889  00000-0  14360-2 0  9996
2 39384 040.5080 083.9916 0001573 144.2897 215.7507 15.22451299  4341
1 39384U 13064E   13353.37196534  .00032438  00000-0  13734-2 0  9994
2 39384 040.5071 079.4044 0001764 170.2503 189.8099 15.22495849  4467
1 39384U 13064E   13354.48707286  .00029636  00000-0  12539-2 0  9997
2 39384 040.5074 072.9069 0002246 185.7025 174.3600 15.22548937  4634
1 39384U 13064E   13355.60212845  .00028876  00000-0  12199-2 0  9991
2 39384 040.5068 066.4083 0002423 188.7837 171.2867 15.22610682  4809
1 39384U 13064E   13356.65155189  .00027825  00000-0  11741-2 0  9999
2 39384 040.5069 060.2930 0002641 192.7924 167.2703 15.22664841  4964
1 39384U 13064E   13357.37300918  .00026604  00000-0  11220-2 0  9997
2 39384 040.5069 056.0859 0002647 196.9038 163.1385 15.22697755  5079
1 39384U 13064E   13358.35679567  .00023853  00000-0  10061-2 0  9990
2 39384 040.5069 050.3489 0002323 211.2194 148.8154 15.22735617  5221
1 39384U 13064E   13359.34056007  .00022280  00000-0  93945-3 0  9994
2 39384 040.5071 044.6124 0002119 215.7863 144.2557 15.22772858  5372
1 39384U 13064E   13360.32430002  .00020897  00000-0  88084-3 0  9995
2 39384 040.5071 038.8784 0002802 220.0695 139.9879 15.22808694  5523
1 39384U 13064E   13361.50474731  .00020711  00000-0  87185-3 0  9999
2 39384 040.5079 031.9945 0003039 226.2814 133.7742 15.22857217  5704
1 39384U 13064E   13363.07862074  .00020247  00000-0  85097-3 0  9998
2 39384 040.5083 022.8168 0003289 233.9628 126.0854 15.22919234  5943
1 39384U 13064E   13364.06226421  .00018961  00000-0  79681-3 0  9990
2 39384 040.5087 017.0798 0003382 239.4175 120.6214 15.22951101  6090
1 39384U 13064E   13365.11145943  .00018392  00000-0  77236-3 0  9998
2 39384 040.5086 010.9603 0003466 243.2142 116.8313 15.22987746  6255
1 39384U 13064E   14001.35733693  .00019538  00000-0  81856-3 0  9993
2 39384 040.5084 003.6936 0003312 251.5560 108.4980 15.23041105  6446
1 39384U 13064E   14002.34088905  .00021012  00000-0  87832-3 0  9992
2 39384 040.5083 357.9566 0003342 254.7719 105.2850 15.23088530  6593
1 39384U 13064E   14003.32441066  .00023428  00000-0  97642-3 0  9995
2 39384 040.5079 352.2173 0003389 262.7406 097.3482 15.23144179  6744
1 39384U 13064E   14004.30788685  .00025916  00000-0  10769-2 0  9993
2 39384 040.5080 346.4789 0003601 264.8983 095.1784 15.23204488  6891
1 39384U 13064E   14005.29132462  .00027220  00000-0  11286-2 0  9993
2 39384 040.5082 340.7418 0003611 265.2706 094.7711 15.23262426  7047
1 39384U 13064E   14006.34029365  .00027158  00000-0  11241-2 0  9998
2 39384 040.5076 334.6206 0003562 266.3443 093.6880 15.23319038  7207
1 39384U 13064E   14007.78256922  .00026590  00000-0  10984-2 0  9990
2 39384 040.5069 326.2014 0003473 276.2000 083.8408 15.23393779  7428
1 39384U 13064E   14009.02811231  .00026521  00000-0  10935-2 0  9999
2 39384 040.5073 318.9346 0003528 274.1911 085.8590 15.23459505  7613
1 39384U 13064E   14010.27359548  .00026921  00000-0  11076-2 0  9997
2 39384 040.5067 311.6679 0003400 277.7866 082.2536 15.23528249  7806
1 39384U 13064E   14011.78121597  .00026907  00000-0  11043-2 0  9993
2 39384 040.5070 302.8679 0003392 279.8917 080.1521 15.23609150  8030
1 39384U 13064E   14012.69886320  .00025842  00000-0  10598-2 0  9997
2 39384 040.5071 297.5086 0003317 283.1638 076.8754 15.23652007  8172
1 39384U 13064E   14013.68202928  .00024898  00000-0  10201-2 0  9994
2 39384 040.5072 291.7668 0003234 289.7428 070.2999 15.23697013  8324
1 39384U 13064E   14015.05840798  .00024333  00000-0  99531-3 0  9998
2 39384 040.5071 283.7281 0003161 294.9537 065.0914 15.23762038  8535
1 39384U 13064E   14016.10703847  .00023948  00000-0  97830-3 0  9999
2 39384 040.5084 277.6009 0003060 298.0825 061.9681 15.23810872  8695
1 39384U 13064E   14017.09009768  .00022589  00000-0  92238-3 0  9996
2 39384 040.5086 271.8586 0002985 299.2696 060.7456 15.23849631  8846
1 39384U 13064E   14018.07314306  .00020090  00000-0  82077-3 0  9997
2 39384 040.5087 266.1175 0002771 296.4747 063.5350 15.23879171  8999
1 39384U 13064E   14019.05617876  .00017773  00000-0  72672-3 0  9998
2 39384 040.5075 260.3782 0002729 301.8560 058.1933 15.23905108  9148
1 39384U 13064E   14020.03918626  .00016653  00000-0  68095-3 0  9995
2 39384 040.5075 254.6359 0002787 309.5727 050.4832 15.23934061  9297
1 39384U 13064E   14021.80854512  .00016329  00000-0  66677-3 0  9998
2 39384 040.5065 244.3006 0002623 314.0150 046.0481 15.23990890  9564
1 39384U 13064E   14022.85702044  .00017181  00000-0  70023-3 0  9993
2 39384 040.5064 238.1771 0002556 314.7112 045.3770 15.24030913  9726
1 39384U 13064E   14023.97098564  .00020225  00000-0  82115-3 0  9990
2 39384 040.5062 231.6668 0002594 330.2641 029.8391 15.24086113  9896
1 39384U 13064E   14025.47805212  .00021256  00000-0  86081-3 0  9994
2 39384 040.5065 222.8628 0002165 321.1285 038.9475 15.24152979 10120
1 39384U 13064E   14026.52641469  .00020573  00000-0  83246-3 0  9994
2 39384 040.5059 216.7354 0002069 325.6836 034.3814 15.24193339 10284
1 39384U 13064E   14027.77130811  .00020739  00000-0  83780-3 0  9993
2 39384 040.5054 209.4627 0001896 323.8195 036.2580 15.24246039 10474
1 39384U 13064E   14028.88511751  .00021776  00000-0  87781-3 0  9999
2 39384 040.5044 202.9522 0001960 335.8733 024.1993 15.24298156 10648
1 39384U 13064E   14029.86785985  .00023142  00000-0  93075-3 0  9992
2 39384 040.5045 197.2076 0002178 347.6602 012.4337 15.24349421 10797
1 39384U 13064E   14030.65402540  .00024162  00000-0  97010-3 0  9990
2 39384 040.5044 192.6124 0001925 344.7446 015.3428 15.24391421 10916
1 39384U 13064E   14031.50568415  .00025839  00000-0  10351-2 0  9993
2 39384 040.5047 187.6349 0001585 332.9644 027.1633 15.24442589 11049
1 39384U 13064E   14032.61933826  .00026377  00000-0  10544-2 0  9990
2 39384 040.5051 181.1224 0001880 353.3411 006.7232 15.24502938 11214
1 39384U 13064E   14033.66746049  .00025453  00000-0  10164-2 0  9997
2 39384 040.5054 174.9927 0002053 356.8936 003.1761 15.24552587 11370
1 39384U 13064E   14034.78104795  .00025698  00000-0  10243-2 0  9996
2 39384 040.5064 168.4831 0001886 005.3163 354.7673 15.24611123 11542
1 39384U 13064E   14035.63258350  .00027384  00000-0  10890-2 0  9990
2 39384 040.5073 163.5058 0001643 011.3559 348.7527 15.24663551 11673
1 39384U 13064E   14036.68058250  .00028513  00000-0  11313-2 0  9999
2 39384 040.5071 157.3757 0001548 021.1245 338.9851 15.24727702 11831
1 39384U 13064E   14037.66303912  .00029719  00000-0  11764-2 0  9995
2 39384 040.5071 151.6288 0001586 025.9618 334.1393 15.24790680 11985
1 39384U 13064E   14038.64545721  .00031369  00000-0  12384-2 0  9993
2 39384 040.5067 145.8841 0001236 036.7108 323.4182 15.24859111 12136
1 39384U 13064E   14039.36586302  .00032499  00000-0  12806-2 0  9997
2 39384 040.5068 141.6694 0000992 060.5766 299.5383 15.24910447 12248
1 39384U 13064E   14040.34819681  .00034704  00000-0  13634-2 0  9997
2 39384 040.5064 135.9212 0001226 070.1996 289.9245 15.24987312 12390
1 39384U 13064E   14041.33047775  .00037060  00000-0  14514-2 0  9990
2 39384 040.5068 130.1733 0001224 072.4381 287.6863 15.25069092 12545
1 39384U 13064E   14042.44366511  .00038338  00000-0  14969-2 0  9998
2 39384 040.5070 123.6591 0001258 080.7157 279.3779 15.25158895 12710
1 39384U 13064E   14043.62228012  .00036913  00000-0  14383-2 0  9999
2 39384 040.5075 116.7620 0001355 085.5862 274.4917 15.25240145 12894
1 39384U 13064E   14044.40799111  .00035225  00000-0  13712-2 0  9999
2 39384 040.5069 112.1628 0001540 080.1594 279.9036 15.25288466 13019
1 39384U 13064E   14045.06274058  .00033260  00000-0  12941-2 0  9990
2 39384 040.5076 108.3321 0001429 104.4401 255.6545 15.25324025 13116
1 39384U 13064E   14045.58652049  .00031392  00000-0  12213-2 0  9993
2 39384 040.5078 105.2692 0001805 126.7670 233.2901 15.25348364 13196
1 39384U 13064E   14046.56859415  .00028136  00000-0  10944-2 0  9999
2 39384 040.5067 099.5180 0001650 119.5864 240.4644 15.25392800 13349
1 39384U 13064E   14047.35423326  .00027120  00000-0  10541-2 0  9990
2 39384 040.5062 094.9184 0001703 118.4619 241.6036 15.25430765 13466
1 39384U 13064E   14048.53265211  .00026173  00000-0  10159-2 0  9990
2 39384 040.5061 088.0209 0001925 137.4847 222.6167 15.25489614 13648
1 39384U 13064E   14049.51461888  .00027258  00000-0  10557-2 0  9994
2 39384 040.5059 082.2699 0001916 149.5334 210.5607 15.25547291 13796
1 39384U 13064E   14051.08569486  .00028206  00000-0  10890-2 0  9996
2 39384 040.5055 073.0676 0002356 163.4574 196.6385 15.25638206 14037
1 39384U 13064E   14051.34753058  .00029501  00000-0  11377-2 0  9995
2 39384 040.5058 071.5342 0002474 171.7907 188.3386 15.25661115 14074
1 39384U 13064E   14052.06755459  .00030544  00000-0  11757-2 0  9993
2 39384 040.5057 067.3147 0002600 172.5146 187.5854 15.25709764 14180
1 39384U 13064E   14052.32937642  .00032958  00000-0  12664-2 0  9997
2 39384 040.5064 065.7845 0003199 185.5688 174.5883 15.25740397 14224
1 39384U 13064E   14053.04935417  .00036178  00000-0  13861-2 0  9993
2 39384 040.5060 061.5650 0003393 185.1534 174.9681 15.25804435 14336
1 39384U 13064E   14053.44205516  .00038431  00000-0  14698-2 0  9990
2 39384 040.5059 059.2646 0002893 180.8442 179.2419 15.25842234 14399
1 39384U 13064E   14055.01281533  .00037460  00000-0  14281-2 0  9997
2 39384 040.5055 050.0598 0003063 193.1799 166.8853 15.25956271 14630
1 39384U 13064E   14056.32169255  .00038756  00000-0  14723-2 0  9998
2 39384 040.5052 042.3920 0003331 200.1100 159.9981 15.26062136 14839
1 39384U 13064E   14057.36871266  .00040863  00000-0  15471-2 0  9998
2 39384 040.5050 036.2547 0003344 207.9578 152.1186 15.26154521 14991
1 39384U 13064E   14058.15393899  .00041975  00000-0  15853-2 0  9996
2 39384 040.5056 031.6551 0004095 208.1024 151.9675 15.26224300 15112
1 39384U 13064E   14059.06999149  .00043049  00000-0  16214-2 0  9993
2 39384 040.5056 026.2835 0004401 212.4251 147.6406 15.26306914 15259
1 39384U 13064E   14059.33171072  .00044184  00000-0  16622-2 0  9994
2 39384 040.5057 024.7490 0004215 215.4131 144.6723 15.26336303 15291
1 39384U 13064E   14060.77108976  .00051229  00000-0  19143-2 0  9996
2 39384 040.5044 016.3029 0004311 223.7376 136.5192 15.26507429 15516
1 39384U 13064E   14061.03273820  .00051976  00000-0  19399-2 0  9999
2 39384 040.5042 014.7726 0004957 224.3247 135.7458 15.26538453 15551
1 39384U 13064E   14061.75234496  .00058256  00000-0  21641-2 0  9995
2 39384 040.5057 010.5504 0005056 219.5654 140.6707 15.26650698 15664
1 39384U 13064E   14062.73351133  .00060210  00000-0  22273-2 0  9997
2 39384 040.5049 004.7964 0005769 227.4167 132.6372 15.26773219 15819
1 39384U 13064E   14063.06055721  .00058133  00000-0  21498-2 0  9997
2 39384 040.5042 002.8740 0005755 230.5209 129.4257 15.26797605 15866
1 39384U 13064E   14063.71465368  .00053961  00000-0  19939-2 0  9992
2 39384 040.5065 359.0457 0005738 236.0771 123.8756 15.26851768 15963
1 39384U 13064E   14063.97629445  .00052785  00000-0  19498-2 0  9991
2 39384 040.5078 357.5113 0005278 239.7308 120.2599 15.26872893 16008
1 39384U 13064E   14065.08817630  .00050016  00000-0  18428-2 0  9997
2 39384 040.5070 350.9817 0005769 235.9998 124.0077 15.26973804 16171
1 39384U 13064E   14066.65775648  .00049845  00000-0  18280-2 0  9997
2 39384 040.5075 341.7720 0005761 253.2864 106.7352 15.27128212 16410
1 39384U 13064E   14067.11551915  .00048400  00000-0  17732-2 0  9995
2 39384 040.5042 339.0748 0006753 246.0082 114.0011 15.27165296 16482
1 39384U 13064E   14068.09639920  .00047484  00000-0  17354-2 0  9997
2 39384 040.5036 333.3136 0006372 263.9239 096.0534 15.27254934 16636
1 39384U 13064E   14069.07723523  .00045124  00000-0  16462-2 0  9997
2 39384 040.5049 327.5644 0006536 246.2261 113.7616 15.27332101 16787
1 39384U 13064E   14070.05801923  .00043585  00000-0  15868-2 0  9996
2 39384 040.5054 321.8022 0006367 261.6519 098.3399 15.27411336 16930
1 39384U 13064E   14071.10413054  .00042252  00000-0  15347-2 0  9999
2 39384 040.5032 315.6603 0006877 273.2686 086.7292 15.27495024 17099
1 39384U 13064E   14072.54243473  .00041906  00000-0  15168-2 0  9990
2 39384 040.5034 307.2192 0007043 280.1707 079.8288 15.27613359 17314
1 39384U 13064E   14073.65376966  .00042292  00000-0  15262-2 0  9991
2 39384 040.5043 300.6928 0007018 279.7744 080.2295 15.27708684 17483
1 39384U 13064E   14075.48405798  .00042205  00000-0  15160-2 0  9991
2 39384 040.5076 289.9409 0006962 290.3890 069.6059 15.27861856 17761
1 39384U 13064E   14075.74551507  .00040324  00000-0  14487-2 0  9991
2 39384 040.5095 288.4005 0006756 292.7336 067.2204 15.27872772 17800
1 39384U 13064E   14076.46451642  .00039090  00000-0  14025-2 0  9996
2 39384 040.5065 284.1731 0007414 302.1903 057.8028 15.27923026 17914
1 39384U 13064E   14077.44492114  .00036856  00000-0  13207-2 0  9992
2 39384 040.5079 278.4103 0007136 309.8658 050.1028 15.27986548 18061
1 39384U 13064E   14078.68671562  .00037009  00000-0  13224-2 0  9995
2 39384 040.5151 271.1126 0007231 314.5403 045.5025 15.28078569 18256
1 39384U 13064E   14079.40560451  .00039005  00000-0  13903-2 0  9992
2 39384 040.5185 266.8865 0006739 320.9021 039.1755 15.28142979 18361
1 39384U 13064E   14080.38583942  .00042887  00000-0  15225-2 0  9992
2 39384 040.5178 261.1194 0006835 325.6051 034.4517 15.28242033 18511
1 39384U 13064E   14081.36602278  .00046385  00000-0  16396-2 0  9992
2 39384 040.5185 255.3350 0008399 334.4577 025.6258 15.28344455 18667
1 39384U 13064E   14081.82341422  .00048284  00000-0  17038-2 0  9998
2 39384 040.5262 252.6569 0007022 335.5837 024.5009 15.28396495 18739
1 39384U 13064E   14082.60748565  .00049978  00000-0  17583-2 0  9990
2 39384 040.5246 248.0335 0007286 344.8012 015.3046 15.28481533 18851
1 39384U 13064E   14083.58751070  .00051945  00000-0  18205-2 0  9992
2 39384 040.5213 242.2679 0007740 351.6611 008.4318 15.28588984 19009
1 39384U 13064E   14084.76345276  .00053313  00000-0  18608-2 0  9998
2 39384 040.5129 235.3614 0007349 353.8907 006.1794 15.28716124 19185
1 39384U 13064E   14085.54736848  .00052261  00000-0  18204-2 0  9997
2 39384 040.5068 230.7577 0006799 354.4778 005.5910 15.28792332 19307
1 39384U 13064E   14086.52720314  .00053691  00000-0  18636-2 0  9994
2 39384 040.5034 224.9978 0006038 359.7445 000.3707 15.28901859 19454
1 39384U 13064E   14087.50695616  .00055483  00000-0  19182-2 0  9997
2 39384 040.5035 219.2270 0006650 010.1018 350.0066 15.29015856 19605
1 39384U 13064E   14088.48663543  .00057157  00000-0  19682-2 0  9994
2 39384 040.5037 213.4565 0006752 018.5342 341.5740 15.29132614 19757
1 39384U 13064E   14089.66216387  .00056770  00000-0  19474-2 0  9994
2 39384 040.5043 206.5359 0006445 025.8359 334.2729 15.29262617 19939
1 39384U 13064E   14090.64169928  .00054731  00000-0  18722-2 0  9992
2 39384 040.5043 200.7630 0007033 031.5950 328.5157 15.29362112 20082
1 39384U 13064E   14091.68646492  .00054080  00000-0  18441-2 0  9998
2 39384 040.5057 194.6092 0006708 041.9093 318.2211 15.29472480 20246
1 39384U 13064E   14093.18818274  .00053082  00000-0  18018-2 0  9995
2 39384 040.5051 185.7590 0006591 050.5213 309.6184 15.29627606 20474
1 39384U 13064E   14093.64520134  .00051569  00000-0  17488-2 0  9999
2 39384 040.5047 183.0660 0006642 053.8457 306.2926 15.29667624 20540
1 39384U 13064E   14094.62447839  .00049193  00000-0  16646-2 0  9993
2 39384 040.5050 177.2974 0006412 066.1425 293.9946 15.29757261 20691
1 39384U 13064E   14095.60369922  .00047637  00000-0  16082-2 0  9993
2 39384 040.5047 171.5233 0006279 071.1781 288.9568 15.29844790 20849
1 39384U 13064E   14097.10506134  .00046876  00000-0  15760-2 0  9994
2 39384 040.5043 162.6710 0006566 080.0428 280.1095 15.29982206 21072
1 39384U 13064E   14098.41047912  .00046831  00000-0  15686-2 0  9991
2 39384 040.5037 154.9749 0006476 091.0818 269.0731 15.30103178 21276
1 39384U 13064E   14099.52000427  .00046125  00000-0  15405-2 0  9999
2 39384 040.5036 148.4333 0006373 103.8149 256.3299 15.30201674 21444
1 39384U 13064E   14100.43367809  .00044386  00000-0  14797-2 0  9992
2 39384 040.5043 143.0424 0006529 105.9235 254.1832 15.30275202 21588
1 39384U 13064E   14101.34732002  .00041711  00000-0  13886-2 0  9991
2 39384 040.5041 137.6515 0006592 112.3664 247.7420 15.30339958 21720
1 39384U 13064E   14102.06515496  .00039646  00000-0  13186-2 0  9994
2 39384 040.5036 133.4183 0006488 124.1099 236.0113 15.30388598 21832
1 39384U 13064E   14103.10923124  .00038570  00000-0  12801-2 0  9999
2 39384 040.5047 127.2540 0006624 129.6151 230.5213 15.30465098 21991
1 39384U 13064E   14103.50074164  .00042812  00000-0  14169-2 0  9997
2 39384 040.5048 124.9450 0006724 131.9294 228.2954 15.30518709 22053
1 39384U 13064E   14104.34895919  .00045110  00000-0  14882-2 0  9995
2 39384 040.5040 119.9399 0006684 142.8354 217.3511 15.30604469 22185
1 39384U 13064E   14104.47944150  .00047762  00000-0  15736-2 0  9995
2 39384 040.5040 119.1697 0007021 142.0368 218.1135 15.30626521 22208
1 39384U 13064E   14105.45810040  .00047257  00000-0  15529-2 0  9993
2 39384 040.5031 113.3921 0006977 151.3297 208.7919 15.30714471 22350
1 39384U 13064E   14106.37146367  .00044928  00000-0  14735-2 0  9999
2 39384 040.5027 108.0024 0007839 158.5779 201.4783 15.30786286 22499
1 39384U 13064E   14106.43671298  .00042816  00000-0  14052-2 0  9998
2 39384 040.5024 107.6161 0007553 159.8430 200.2565 15.30784660 22505
1 39384U 13064E   14108.06761932  .00042215  00000-0  13796-2 0  9991
2 39384 040.5015 097.9875 0008175 173.8160 186.2854 15.30920179 22753
1 39384U 13064E   14108.32854846  .00043642  00000-0  14244-2 0  9991
2 39384 040.5014 096.4470 0008085 176.6190 183.5077 15.30950552 22790
1 39384U 13064E   14109.04607712  .00045214  00000-0  14718-2 0  9992
2 39384 040.5015 092.2120 0008623 180.4140 179.6958 15.31021029 22909
1 39384U 13064E   14109.30698539  .00047656  00000-0  15488-2 0  9995
2 39384 040.5018 090.6668 0007951 183.4384 176.7004 15.31058729 22948
1 39384U 13064E   14109.37220116  .00049264  00000-0  15999-2 0  9998
2 39384 040.5019 090.2809 0007973 181.2279 178.8614 15.31071129 22955
1 39384U 13064E   14110.08967724  .00050625  00000-0  16392-2 0  9992
2 39384 040.5022 086.0457 0008838 187.4033 172.7069 15.31148966 23062
1 39384U 13064E   14110.35056113  .00053512  00000-0  17297-2 0  9996
2 39384 040.5021 084.5050 0008470 187.7814 172.3256 15.31188568 23106
1 39384U 13064E   14111.13319155  .00054913  00000-0  17692-2 0  9996
2 39384 040.5022 079.8829 0008952 193.8704 166.2126 15.31279398 23222
1 39384U 13064E   14111.78534805  .00056615  00000-0  18189-2 0  9991
2 39384 040.5028 076.0288 0008922 199.2912 160.7751 15.31358828 23324
1 39384U 13064E   14112.30704444  .00058536  00000-0  18759-2 0  9995
2 39384 040.5028 072.9480 0008896 204.7898 155.2658 15.31428388 23401
1 39384U 13064E   14113.35038044  .00059627  00000-0  19025-2 0  9996
2 39384 040.5031 066.7867 0009739 210.1790 149.8430 15.31554158 23563
1 39384U 13064E   14114.32843631  .00055930  00000-0  17803-2 0  9995
2 39384 040.5036 061.0077 0010222 215.4015 144.5181 15.31648534 23710
1 39384U 13064E   14115.11085939  .00052386  00000-0  16656-2 0  9999
2 39384 040.5031 056.3817 0009776 221.4131 138.4929 15.31713422 23836
1 39384U 13064E   14115.30647458  .00049324  00000-0  15687-2 0  9991
2 39384 040.5026 055.2231 0009966 222.9086 137.0760 15.31722124 23864
1 39384U 13064E   14116.08884692  .00048196  00000-0  15298-2 0  9994
2 39384 040.5030 050.5984 0010146 227.8123 132.1530 15.31791852 23988
1 39384U 13064E   14117.13196163  .00045452  00000-0  14396-2 0  9990
2 39384 040.5031 044.4320 0010703 234.2688 125.6872 15.31875854 24142
1 39384U 13064E   14118.04463810  .00043666  00000-0  13806-2 0  9997
2 39384 040.5037 039.0346 0010625 239.3753 120.5609 15.31947788 24281
1 39384U 13064E   14118.69652929  .00042034  00000-0  13274-2 0  9996
2 39384 040.5034 035.1782 0010752 245.0775 114.8750 15.31996583 24389
1 39384U 13064E   14119.08765239  .00039652  00000-0  12523-2 0  9997
2 39384 040.5044 032.8652 0010511 249.0864 110.8157 15.32015826 24443
1 39384U 13064E   14120.06544190  .00036053  00000-0  11375-2 0  9994
2 39384 040.5048 027.0855 0011292 252.6702 107.2237 15.32072153 24597
1 39384U 13064E   14120.65210666  .00034589  00000-0  10906-2 0  9998
2 39384 040.5042 023.6153 0011433 257.2961 102.6546 15.32107079 24687
1 39384U 13064E   14121.10838739  .00033309  00000-0  10499-2 0  9992
2 39384 040.5046 020.9164 0011216 258.9694 100.9875 15.32131632 24759
1 39384U 13064E   14122.15126897  .00033443  00000-0  10517-2 0  9993
2 39384 040.5050 014.7464 0011322 266.8458 093.1085 15.32202009 24913
1 39384U 13064E   14123.71550797  .00032914  00000-0  10320-2 0  9990
2 39384 040.5054 005.4923 0011544 277.2025 082.7429 15.32301921 25152
1 39384U 13064E   14124.04137885  .00030431  00000-0  95477-3 0  9995
2 39384 040.5050 003.5676 0011509 274.7315 085.1538 15.32308277 25202
1 39384U 13064E   14125.01899079  .00028159  00000-0  88303-3 0  9997
2 39384 040.5049 357.7834 0011311 280.2314 079.7089 15.32355467 25351
1 39384U 13064E   14125.60554157  .00026729  00000-0  83792-3 0  9995
2 39384 040.5052 354.3102 0011493 287.7286 072.2292 15.32381876 25444
1 39384U 13064E   14125.93139483  .00028079  00000-0  87904-3 0  9991
2 39384 040.5045 352.3833 0011487 289.3303 070.6692 15.32407787 25497
1 39384U 13064E   14134.79260478  .00039381  00000-0  12028-2 0  9996
2 39384 040.5035 299.9198 0011084 346.4851 013.5643 15.33077760 26850
1 39384U 13064E   14135.83484288  .00039331  00000-0  11983-2 0  9993
2 39384 040.5036 293.7447 0010982 353.7620 006.3055 15.33159090 27014
1 39384U 13064E   14137.46322485  .00039912  00000-0  12109-2 0  9990
2 39384 040.5037 284.0953 0010729 004.8013 355.2963 15.33290360 27266
1 39384U 13064E   14138.63557171  .00039975  00000-0  12091-2 0  9991
2 39384 040.5038 277.1462 0010959 013.4576 346.6347 15.33383274 27447
1 39384U 13064E   14139.67760711  .00038101  00000-0  11505-2 0  9991
2 39384 040.5040 270.9713 0010860 021.5353 338.5523 15.33454691 27600
1 39384U 13064E   14140.65447841  .00035629  00000-0  10746-2 0  9995
2 39384 040.5044 265.1818 0010790 029.0506 331.0497 15.33514158 27750
1 39384U 13064E   14141.63131379  .00033197  00000-0  10003-2 0  9994
2 39384 040.5035 259.3929 0010729 034.9739 325.1428 15.33569325 27904
1 39384U 13064E   14142.60811250  .00030693  00000-0  92427-3 0  9994
2 39384 040.5029 253.6038 0010458 042.4491 317.6724 15.33619571 28054
1 39384U 13064E   14143.38953295  .00029102  00000-0  87582-3 0  9995
2 39384 040.5021 248.9713 0010448 047.6763 312.4749 15.33658395 28171
1 39384U 13064E   14144.43138936  .00028106  00000-0  84479-3 0  9994
2 39384 040.5015 242.7938 0010196 056.1069 304.0802 15.33713613 28339
1 39384U 13064E   14145.47319725  .00028475  00000-0  85410-3 0  9991
2 39384 040.5012 236.6159 0010128 063.8462 296.3468 15.33774670 28498
1 39384U 13064E   14146.64518482  .00027770  00000-0  83162-3 0  9991
2 39384 040.5013 229.6666 0009874 075.1796 285.0047 15.33836917 28677
1 39384U 13064E   14147.42648582  .00026356  00000-0  78863-3 0  9994
2 39384 040.5010 225.0268 0010911 074.0649 286.0908 15.33872299 28794
1 39384U 13064E   14148.14267527  .00023829  00000-0  71356-3 0  9992
2 39384 040.5020 220.7829 0009894 086.0440 274.1465 15.33896505 28905
1 39384U 13064E   14148.40310115  .00021055  00000-0  63149-3 0  9993
2 39384 040.5014 219.2361 0009974 088.7287 271.4221 15.33895786 28943
1 39384U 13064E   14149.50992522  .00020218  00000-0  59960-3 0  9999
2 39384 040.4994 212.6790 0009874 097.4054 262.8396 15.33925841 29113
1 39384U 13064E   14149.57501841  .00018942  00000-0  56825-3 0  9994
2 39384 040.5018 212.2861 0010216 097.5371 262.6522 15.33933130 29121
1 39384U 13064E   14151.07241290  .00017506  00000-0  52499-3 0  9999
2 39384 040.5021 203.4050 0010123 110.3231 249.8641 15.33981287 29353
1 39384U 13064E   14152.30934982  .00017593  00000-0  52680-3 0  9991
2 39384 040.5019 196.0671 0010195 120.0304 240.1522 15.34025485 29547
1 39384U 13064E   14153.35095436  .00016906  00000-0  50602-3 0  9998
2 39384 040.5023 189.8863 0010169 126.2240 233.9316 15.34057893 29700
1 39384U 13064E   14154.39254175  .00015640  00000-0  46828-3 0  9999
2 39384 040.5020 183.7072 0010220 134.7214 225.4227 15.34085708 29865
1 39384U 13064E   14155.49920939  .00014560  00000-0  43602-3 0  9996
2 39384 040.5014 177.1400 0010433 144.6030 215.5491 15.34114535 30037
1 39384U 13064E   14156.93132235  .00015345  00000-0  45843-3 0  9991
2 39384 040.5012 168.6408 0010477 155.3001 204.8367 15.34161561 30251
1 39384U 13064E   14157.97282791  .00016203  00000-0  48304-3 0  9998
2 39384 040.5008 162.4587 0010631 163.1449 196.9772 15.34199197 30416
1 39384U 13064E   14159.07939755  .00017580  00000-0  52261-3 0  9996
2 39384 040.5007 155.8950 0011104 173.1161 187.0011 15.34244294 30587
1 39384U 13064E   14160.05575248  .00018845  00000-0  55891-3 0  9996
2 39384 040.5010 150.0982 0011032 178.9518 181.1458 15.34286715 30733
1 39384U 13064E   14160.31610820  .00021261  00000-0  62910-3 0  9997
2 39384 040.5002 148.5583 0010682 179.7593 180.3827 15.34311342 30775
1 39384U 13064E   14160.90189092  .00022664  00000-0  66929-3 0  9996
2 39384 040.5012 145.0823 0011087 182.5402 177.5582 15.34343403 30865
1 39384U 13064E   14161.29240872  .00024979  00000-0  73605-3 0  9993
2 39384 040.5002 142.7666 0010986 188.3138 171.8136 15.34374635 30920
1 39384U 13064E   14162.00833443  .00027527  00000-0  80858-3 0  9995
2 39384 040.5005 138.5161 0012161 194.0378 166.0730 15.34423668 31033
1 39384U 13064E   14162.78931588  .00029272  00000-0  85784-3 0  9991
2 39384 040.5007 133.8795 0012015 199.4905 160.5537 15.34475272 31154
1 39384U 13064E   14163.83060419  .00028757  00000-0  84147-3 0  9993
2 39384 040.4999 127.6949 0011771 207.3917 152.6236 15.34533036 31314
1 39384U 13064E   14165.06708202  .00028970  00000-0  84563-3 0  9998
2 39384 040.5001 120.3515 0011886 216.3399 143.6655 15.34605717 31501
1 39384U 13064E   14166.10827801  .00029416  00000-0  85669-3 0  9995
2 39384 040.5009 114.1690 0012158 223.5633 136.4210 15.34668533 31667
1 39384U 13064E   14167.27957714  .00028726  00000-0  83485-3 0  9998
2 39384 040.5018 107.2151 0012916 230.5891 129.3696 15.34733268 31845
1 39384U 13064E   14168.25562925  .00027214  00000-0  79010-3 0  9993
2 39384 040.5023 101.4183 0013221 237.0620 122.8893 15.34780739 31992
1 39384U 13064E   14169.23165182  .00024790  00000-0  71959-3 0  9996
2 39384 040.5022 095.6199 0013266 244.0018 115.9306 15.34821687 32148
1 39384U 13064E   14170.66310358  .00023615  00000-0  68443-3 0  9991
2 39384 040.5013 087.1187 0013446 253.3157 106.6189 15.34886083 32369
1 39384U 13064E   14171.70411661  .00023632  00000-0  68378-3 0  9992
2 39384 040.5013 080.9355 0013692 259.5073 100.4202 15.34935661 32528
1 39384U 13064E   14172.74510156  .00023007  00000-0  66492-3 0  9997
2 39384 040.5012 074.7536 0013822 266.3380 093.5833 15.34980622 32687
1 39384U 13064E   14173.07040270  .00021996  00000-0  63595-3 0  9995
2 39384 040.5018 072.8175 0013678 269.5104 090.3831 15.34989386 32734
1 39384U 13064E   14173.72100477  .00020573  00000-0  59489-3 0  9990
2 39384 040.5017 068.9525 0013853 273.4265 086.4772 15.35010660 32837
1 39384U 13064E   14174.04630295  .00019152  00000-0  55427-3 0  9991
2 39384 040.5020 067.0216 0013747 273.8065 086.0777 15.35015407 32882
1 39384U 13064E   14174.76195585  .00017424  00000-0  50467-3 0  9997
2 39384 040.5019 062.7683 0013757 281.6358 078.2651 15.35033994 32990
1 39384U 13064E   14176.06311697  .00014353  00000-0  41670-3 0  9990
2 39384 040.5035 055.0392 0013703 287.0073 072.8963 15.35060808 33198
1 39384U 13064E   14177.03897479  .00013077  00000-0  38005-3 0  9995
2 39384 040.5037 049.2395 0013632 295.3157 064.6165 15.35082316 33342
1 39384U 13064E   14178.79547105  .00012754  00000-0  37031-3 0  9996
2 39384 040.5045 038.8000 0013715 306.5258 053.4334 15.35126787 33612
1 39384U 13064E   14179.96643406  .00013613  00000-0  39430-3 0  9997
2 39384 040.5041 031.8386 0013843 315.9053 044.0662 15.35162488 33794
1 39384U 13064E   14180.74706226  .00014550  00000-0  42064-3 0  9993
2 39384 040.5039 027.2016 0013572 318.6801 041.3208 15.35189362 33910
1 39384U 13064E   14181.72282258  .00016071  00000-0  46331-3 0  9997
2 39384 040.5034 021.4020 0013407 325.0994 034.9175 15.35227050 34063
1 39384U 13064E   14181.91796859  .00017934  00000-0  51570-3 0  9995
2 39384 040.5032 020.2404 0014038 328.0636 031.9727 15.35244067 34091
1 39384U 13064E   14182.56845151  .00019030  00000-0  54639-3 0  9995
2 39384 040.5033 016.3742 0013412 331.6793 028.3528 15.35272875 34190
1 39384U 13064E   14182.95873506  .00020743  00000-0  59442-3 0  9993
2 39384 040.5030 014.0553 0013420 334.1975 025.8435 15.35295557 34259
1 39384U 13064E   14183.41405873  .00021677  00000-0  62038-3 0  9995
2 39384 040.5032 011.3488 0013254 337.4454 022.6089 15.35320442 34321
1 39384U 13064E   14183.93441671  .00024449  00000-0  69773-3 0  9991
2 39384 040.5028 008.2562 0013365 341.4656 018.6221 15.35358600 34405
1 39384U 13064E   14184.91005367  .00026586  00000-0  75628-3 0  9998
2 39384 040.5031 002.4515 0014034 349.4441 010.6110 15.35418604 34553
1 39384U 13064E   14185.56046706  .00028157  00000-0  80044-3 0  9996
2 39384 040.5037 358.6047 0010376 343.3111 016.8132 15.35461768 34659
1 39384U 13064E   14186.53603436  .00032030  00000-0  90658-3 0  9990
2 39384 040.5029 352.7982 0011507 355.5283 004.6001 15.35539757 34806
1 39384U 13064E   14186.86120569  .00033421  00000-0  94365-3 0  9991
2 39384 040.5015 350.8562 0014071 000.9289 359.1513 15.35567774 34851
1 39384U 13064E   14187.38148685  .00036120  00000-0  10181-2 0  9990
2 39384 040.5023 347.7674 0012705 004.0893 356.0380 15.35612691 34933
1 39384U 13064E   14188.61708532  .00036718  00000-0  10319-2 0  9996
2 39384 040.5024 340.4185 0012306 012.3952 347.7234 15.35705276 35125
1 39384U 13064E   14189.39742410  .00037934  00000-0  10633-2 0  9995
2 39384 040.5020 335.7754 0012633 018.1069 342.0259 15.35769679 35241
1 39384U 13064E   14189.78757662  .00039335  00000-0  11008-2 0  9997
2 39384 040.5022 333.4536 0012785 020.3496 339.7869 15.35807229 35304
1 39384U 13064E   14190.69790943  .00041314  00000-0  11531-2 0  9999
2 39384 040.5027 328.0423 0011431 027.4308 332.7528 15.35889723 35440
1 39384U 13064E   14191.67320238  .00043311  00000-0  12045-2 0  9994
2 39384 040.5029 322.2380 0011760 034.4070 325.7693 15.35981507 35593
1 39384U 13064E   14191.67320762  .00081826  00000-0  22705-2 0  9993
2 39384 040.4994 322.2457 0011815 033.2298 326.9755 15.35983725 35594
1 39384U 13064E   14192.77847047  .00043961  00000-0  12185-2 0  9994
2 39384 040.5034 315.6601 0011807 043.1400 317.0279 15.36080220 35763
1 39384U 13064E   14193.75365611  .00041814  00000-0  11568-2 0  9994
2 39384 040.5038 309.8543 0012025 048.7601 311.3856 15.36154175 35910
1 39384U 13064E   14194.72880557  .00039039  00000-0  10785-2 0  9999
2 39384 040.5033 304.0540 0011874 056.3043 303.8648 15.36221153 36068
1 39384U 13064E   14195.70390953  .00035262  00000-0  97372-3 0  9996
2 39384 040.5031 298.2504 0011353 066.0081 294.1434 15.36277287 36213
1 39384U 13064E   14196.74398789  .00030408  00000-0  83977-3 0  9999
2 39384 040.5025 292.0577 0011436 072.5377 287.5857 15.36324551 36379
1 39384U 13064E   14197.71905169  .00025408  00000-0  70245-3 0  9991
2 39384 040.5017 286.2546 0011346 080.5118 279.6763 15.36357847 36522
1 39384U 13064E   14197.71906418  .00025399  00000-0  69650-3 0  9996
2 39384 040.5003 286.2537 0011208 081.0138 279.2457 15.36357069304847
1 39384U 13064E   14198.36906960  .00023835  00000-0  65885-3 0  9999
2 39384 040.5020 282.3872 0011847 085.6031 274.5704 15.36382156 36622
1 39384U 13064E   14198.69408094  .00021322  00000-0  59024-3 0  9997
2 39384 040.5017 280.4514 0011621 090.3499 269.8384 15.36386499 36671
1 39384U 13064E   14199.40908798  .00019865  00000-0  55003-3 0  9995
2 39384 040.5018 276.1951 0011727 095.1954 264.9779 15.36408445 36787
1 39384U 13064E   14200.12409272  .00017490  00000-0  48496-3 0  9990
2 39384 040.5018 271.9367 0011488 100.7583 259.4302 15.36424385 36890
1 39384U 13064E   14200.57909137  .00014197  00000-0  39504-3 0  9995
2 39384 040.5022 269.2278 0011367 102.8568 257.2959 15.36423661 36966
1 39384U 13064E   14201.42408493  .00012965  00000-0  36114-3 0  9994
2 39384 040.5027 264.1940 0011573 107.5877 252.5857 15.36440899 37097
1 39384U 13064E   14202.39906600  .00010883  00000-0  30411-3 0  9995
2 39384 040.5029 258.3892 0011772 116.7337 243.4481 15.36454175 37245
1 39384U 13064E   14203.17904369  .00009731  00000-0  27255-3 0  9994
2 39384 040.5030 253.7446 0011567 122.8669 237.3184 15.36464659 37362
1 39384U 13064E   14204.34899614  .00008672  00000-0  24348-3 0  9993
2 39384 040.5022 246.7775 0011712 133.2139 226.9694 15.36481039 37541
1 39384U 13064E   14205.51892714  .00008805  00000-0  24692-3 0  9997
2 39384 040.5009 239.8117 0011957 142.8373 217.3287 15.36502557 37727
1 39384U 13064E   14207.07880809  .00009265  00000-0  25919-3 0  9996
2 39384 040.5000 230.5229 0012204 154.9594 205.1845 15.36533520 37960
1 39384U 13064E   14208.05371209  .00010366  00000-0  28893-3 0  9992
2 39384 040.4994 224.7154 0012306 162.4349 197.6985 15.36559186 38112
1 39384U 13064E   14208.37867625  .00011470  00000-0  31881-3 0  9997
2 39384 040.4996 222.7811 0012516 166.0877 194.0648 15.36572738 38161
1 39384U 13064E   14209.35354987  .00013646  00000-0  37763-3 0  9990
2 39384 040.4998 216.9725 0012108 173.2168 186.9177 15.36608356 38312
1 39384U 13064E   14210.32839786  .00015965  00000-0  43994-3 0  9993
2 39384 040.5002 211.1676 0012542 180.1243 179.9928 15.36649119 38468
1 39384U 13064E   14211.30321948  .00018058  00000-0  49587-3 0  9998
2 39384 040.5001 205.3624 0012982 187.9641 172.1350 15.36692964 38617
1 39384U 13064E   14212.34299692  .00020799  00000-0  56920-3 0  9997
2 39384 040.5006 199.1619 0011949 194.8062 165.2744 15.36746992 38770
1 39384U 13064E   14213.31775284  .00023296  00000-0  63548-3 0  9990
2 39384 040.5007 193.3512 0011754 203.1541 156.9062 15.36801994 38920
1 39384U 13064E   14214.03254800  .00024526  00000-0  66748-3 0  9998
2 39384 040.5006 189.0949 0012820 205.9339 154.0865 15.36841414 39039
1 39384U 13064E   14214.29247181  .00026976  00000-0  73275-3 0  9994
2 39384 040.5005 187.5389 0012488 209.0819 150.9904 15.36867859 39071
1 39384U 13064E   14215.07221223  .00028297  00000-0  76655-3 0  9993
2 39384 040.5008 182.8979 0013806 213.4440 146.5861 15.36916882 39198
1 39384U 13064E   14215.33211719  .00033416  00000-0  90204-3 0  9996
2 39384 040.5012 181.3590 0014411 214.5159 145.5833 15.36958349 39235
1 39384U 13064E   14216.11179897  .00035230  00000-0  94779-3 0  9990
2 39384 040.5012 176.7171 0015947 218.8668 141.1550 15.37020690 39356
1 39384U 13064E   14216.30670945  .00038321  00000-0  10301-2 0  9993
2 39384 040.5006 175.5489 0013917 221.7961 138.1912 15.37047740 39388
1 39384U 13064E   14218.25577870  .00040528  00000-0  10828-2 0  9998
2 39384 040.4998 163.9362 0014379 234.7677 125.1807 15.37210913 39685
1 39384U 13064E   14220.13969727  .00040078  00000-0  10658-2 0  9995
2 39384 040.4997 152.7034 0014202 248.9578 110.9652 15.37359301 39975
1 39384U 13064E   14220.20465789  .00038687  00000-0  10295-2 0  9992
2 39384 040.5007 152.3174 0014000 249.0197 110.8680 15.37356166 39981
1 39384U 13064E   14221.24399639  .00035140  00000-0  93373-3 0  9997
2 39384 040.5007 146.1195 0015037 255.1974 104.6740 15.37417556 40146
1 39384U 13064E   14222.08843036  .00033836  00000-0  89827-3 0  9994
2 39384 040.5016 141.0781 0014359 263.3336 096.5359 15.37469055 40270
1 39384U 13064E   14222.67303041  .00031822  00000-0  84425-3 0  9998
2 39384 040.5012 137.5957 0015166 264.2457 095.6617 15.37498027 40360
1 39384U 13064E   14223.06274995  .00030155  00000-0  80008-3 0  9998
2 39384 040.5011 135.2700 0015347 266.1855 093.6775 15.37512421 40429
1 39384U 13064E   14223.64733516  .00028279  00000-0  75026-3 0  9999
2 39384 040.5019 131.7821 0015320 270.3622 089.5443 15.37538545 40513
1 39384U 13064E   14224.03704462  .00027092  00000-0  71903-3 0  9993
2 39384 040.5024 129.4561 0014624 276.3536 083.5096 15.37553401 40572
1 39384U 13064E   14224.16695657  .00024909  00000-0  66168-3 0  9993
2 39384 040.5025 128.6827 0015049 274.8216 085.0773 15.37551798 40597
1 39384U 13064E   14225.14122062  .00022919  00000-0  60869-3 0  9998
2 39384 040.5022 122.8731 0015070 281.0624 078.8397 15.37590719 40746
1 39384U 13064E   14227.08967134  .00021278  00000-0  56423-3 0  9998
2 39384 040.5013 111.2533 0015096 293.7019 066.2093 15.37669484 41048
1 39384U 13064E   14228.06386353  .00019666  00000-0  52155-3 0  9991
2 39384 040.5017 105.4414 0015033 299.5052 060.4042 15.37701319 41197
1 39384U 13064E   14229.03804014  .00018024  00000-0  47818-3 0  9995
2 39384 040.5017 099.6326 0014916 304.0459 055.8837 15.37729986 41342
1 39384U 13064E   14230.01219550  .00016944  00000-0  44955-3 0  9998
2 39384 040.5015 093.8186 0014869 311.1808 048.7696 15.37759636 41499
1 39384U 13064E   14231.05127046  .00017315  00000-0  45866-3 0  9996
2 39384 040.5022 087.6163 0014947 318.9549 041.0265 15.37797272 41651
1 39384U 13064E   14232.02537447  .00018462  00000-0  48794-3 0  9991
2 39384 040.5017 081.8044 0014866 326.6256 033.3756 15.37837924 41805
1 39384U 13064E   14232.93451476  .00020765  00000-0  54693-3 0  9992
2 39384 040.5012 076.3777 0015340 332.9382 027.1060 15.37884350 41949
1 39384U 13064E   14233.97348810  .00023980  00000-0  62878-3 0  9990
2 39384 040.5017 070.1738 0016368 341.6186 018.4344 15.37945962 42107
1 39384U 13064E   14234.49295899  .00024985  00000-0  65468-3 0  9990
2 39384 040.5022 067.0775 0014822 344.0066 016.0569 15.37975914 42187
1 39384U 13064E   14234.81762103  .00026170  00000-0  68503-3 0  9994
2 39384 040.5018 065.1427 0014189 342.9632 017.1172 15.37999064 42237
1 39384U 13064E   14235.72665498  .00028190  00000-0  73592-3 0  9992
2 39384 040.5017 059.7161 0013901 351.5982 008.4833 15.38057615 42375
1 39384U 13064E   14236.89536897  .00029098  00000-0  75741-3 0  9997
2 39384 040.5012 052.7389 0014431 000.1666 359.9161 15.38128654 42550
1 39384U 13064E   14238.64834473  .00038253  00000-0  98567-3 0  9997
2 39384 040.4980 042.2783 0013365 010.4191 349.7404 15.38243912 42829
1 39384U 13064E   14240.66082348  .00169156  00000-0  43344-2 0  9997
2 39384 040.5003 030.2574 0012580 025.5016 334.6925 15.38425043 43135
1 39384U 13064E   14240.79065758  .00175078  00000-0  44789-2 0  9991
2 39384 040.5000 029.4942 0014096 024.5310 335.6680 15.38452286 43151
1 39384U 13064E   14241.43979191  .00039689  00000-0  10179-2 0  9991
2 39384 040.5029 025.6003 0014465 030.0481 330.1431 15.38474814 43255
1 39384U 13064E   14241.63452410  .00042469  00000-0  10878-2 0  9999
2 39384 040.5024 024.4443 0013207 031.9369 328.3120 15.38506802 43283
1 39384U 13064E   14241.82924113  .00046486  00000-0  11885-2 0  9996
2 39384 040.5017 023.2817 0012758 035.2630 324.9398 15.38538902 43314
1 39384U 13064E   14242.67304193  .00045897  00000-0  11704-2 0  9995
2 39384 040.5014 018.2369 0013591 041.0327 319.1178 15.38612318 43441
1 39384U 13064E   14243.64661998  .00044479  00000-0  11314-2 0  9994
2 39384 040.5009 012.4181 0014219 047.4061 312.7198 15.38691154 43598
1 39384U 13064E   14243.77644001  .00042108  00000-0  10723-2 0  9994
2 39384 040.5008 011.6468 0012836 049.8383 310.3496 15.38693160 43619
1 39384U 13064E   14244.68506516  .00040684  00000-0  10343-2 0  9998
2 39384 040.5006 006.2169 0012433 058.9658 301.2019 15.38760785 43757
1 39384U 13064E   14245.39896357  .00038902  00000-0  98779-3 0  9992
2 39384 040.5003 001.9483 0012804 062.2236 297.9506 15.38809673 43861
1 39384U 13064E   14246.63200840  .00037795  00000-0  95710-3 0  9997
2 39384 040.5011 354.5804 0013042 071.7840 288.4342 15.38898065 44053
1 39384U 13064E   14247.67029765  .00037522  00000-0  94789-3 0  9990
2 39384 040.5013 348.3736 0013045 079.0061 281.2179 15.38974719 44217
1 39384U 13064E   14248.70853426  .00037620  00000-0  94786-3 0  9990
2 39384 040.5016 342.1643 0013104 085.7531 274.4800 15.39052879 44378
1 39384U 13064E   14250.13601716  .00038428  00000-0  96447-3 0  9996
2 39384 040.5018 333.6331 0013063 098.8981 261.3375 15.39164708 44598
1 39384U 13064E   14250.65507184  .00039955  00000-0  10008-2 0  9991
2 39384 040.5013 330.5254 0012989 099.9337 260.3053 15.39212830 44677
1 39384U 13064E   14251.43362695  .00041161  00000-0  10284-2 0  9992
2 39384 040.5013 325.8802 0012931 114.5970 245.6560 15.39281420 44790
1 39384U 13064E   14252.47163799  .00043166  00000-0  10745-2 0  9990
2 39384 040.5011 319.6704 0012973 118.0480 242.1694 15.39378035 44958
1 39384U 13064E   14253.57446260  .00043932  00000-0  10898-2 0  9999
2 39384 040.5001 313.0744 0012895 125.0169 235.1859 15.39476585 45128
1 39384U 13064E   14255.19613747  .00044011  00000-0  10866-2 0  9999
2 39384 040.5006 303.3719 0013033 136.5412 223.6444 15.39618963 45377
1 39384U 13064E   14256.10420848  .00045648  00000-0  11229-2 0  9990
2 39384 040.5002 297.9393 0013623 146.5230 213.7034 15.39708410 45511
1 39384U 13064E   14256.42849554  .00049764  00000-0  12214-2 0  9992
2 39384 040.4997 295.9913 0012352 142.8235 217.4760 15.39765058 45564
1 39384U 13064E   14257.14188748  .00052123  00000-0  12746-2 0  9996
2 39384 040.5004 291.7198 0013296 146.9815 213.2105 15.39847834 45672
1 39384U 13064E   14257.33644409  .00055564  00000-0  13555-2 0  9999
2 39384 040.5010 290.5729 0014077 161.6780 198.5691 15.39887100 45708
1 39384U 13064E   14257.53097980  .00059452  00000-0  14472-2 0  9996
2 39384 040.5020 289.4031 0014294 157.2634 202.9124 15.39925669 45739
1 39384U 13064E   14259.08730133  .00061422  00000-0  14851-2 0  9993
2 39384 040.4998 280.0839 0014429 168.8235 191.2871 15.40116809 45975
1 39384U 13064E   14259.34667071  .00056860  00000-0  13770-2 0  9991
2 39384 040.5023 278.5288 0012566 162.4991 197.4694 15.40121817 46016
1 39384U 13064E   14260.12479235  .00045761  00000-0  11092-2 0  9995
2 39384 040.5003 273.8700 0013316 173.7393 186.2337 15.40158831 46135
1 39384U 13064E   14261.35674920  .00046021  00000-0  11109-2 0  9998
2 39384 040.4996 266.4927 0013896 182.3272 177.7495 15.40272759 46326
1 39384U 13064E   14263.30171353  .00048988  00000-0  11741-2 0  9993
2 39384 040.4991 254.8399 0013766 198.1107 161.9547 15.40469349 46622
1 39384U 13064E   14264.33891819  .00051005  00000-0  12170-2 0  9994
2 39384 040.4996 248.6253 0014323 204.6320 155.4164 15.40581833 46780
1 39384U 13064E   14265.37604418  .00051073  00000-0  12145-2 0  9993
2 39384 040.4995 242.4080 0014297 212.1835 147.7718 15.40685953 46949
1 39384U 13064E   14266.15385873  .00049470  00000-0  11743-2 0  9992
2 39384 040.5013 237.7434 0013850 215.8008 144.1344 15.40755196 47064
1 39384U 13064E   14266.34831522  .00048698  00000-0  11547-2 0  9993
2 39384 040.4999 236.5833 0015402 215.7252 144.2585 15.40770487 47092
1 39384U 13064E   14267.06126706  .00047583  00000-0  11267-2 0  9995
2 39384 040.4992 232.3045 0014532 224.4067 135.5321 15.40833957 47204
1 39384U 13064E   14267.32052054  .00047013  00000-0  11120-2 0  9994
2 39384 040.4993 230.7523 0015331 223.5728 136.3947 15.40856496 47240
1 39384U 13064E   14268.94070295  .00059265  00000-0  13893-2 0  9991
2 39384 040.4964 221.0493 0015958 234.4955 125.4867 15.41063789 47498
1 39384U 13064E   14268.94071482  .00052669  00000-0  12354-2 0  9992
2 39384 040.4993 221.0433 0016822 231.5820 128.4590 15.41044240 47491
1 39384U 13064E   14269.26470839  .00054128  00000-0  12689-2 0  9990
2 39384 040.4998 219.0950 0014789 237.5139 122.4207 15.41086659 47541
1 39384U 13064E   14270.17189842  .00059132  00000-0  13790-2 0  9997
2 39384 040.4988 213.6519 0014874 244.6001 115.3719 15.41210799 47681
1 39384U 13064E   14270.88463695  .00061189  00000-0  14214-2 0  9993
2 39384 040.4990 209.3803 0015660 248.1526 111.8024 15.41303968 47790
1 39384U 13064E   14271.14379904  .00063491  00000-0  14720-2 0  9992
2 39384 040.4992 207.8260 0015695 253.1627 106.8056 15.41349107 47837
1 39384U 13064E   14272.11560879  .00066964  00000-0  15430-2 0  9990
2 39384 040.4990 202.0046 0017049 255.1677 104.7795 15.41489638 47983
1 39384U 13064E   14272.24516864  .00069320  00000-0  15959-2 0  9994
2 39384 040.4993 201.2216 0016290 256.5610 103.3563 15.41516200 48003
1 39384U 13064E   14273.21688412  .00071975  00000-0  16485-2 0  9995
2 39384 040.4988 195.3868 0016025 263.2298 096.7089 15.41661874 48158
1 39384U 13064E   14274.12372856  .00074331  00000-0  16931-2 0  9993
2 39384 040.4982 189.9468 0016639 266.6114 093.3353 15.41803299 48293
1 39384U 13064E   14275.03048795  .00077375  00000-0  17523-2 0  9995
2 39384 040.4974 184.5030 0017013 271.7024 088.2706 15.41953460 48431
1 39384U 13064E   14275.80762765  .00080735  00000-0  18198-2 0  9993
2 39384 040.4977 179.8326 0016276 280.3419 079.5910 15.42089886 48559
1 39384U 13064E   14276.06665813  .00082240  00000-0  18501-2 0  9999
2 39384 040.4977 178.2802 0016338 281.8558 078.0826 15.42139779 48591
1 39384U 13064E   14277.03796366  .00084289  00000-0  18850-2 0  9997
2 39384 040.4985 172.4451 0016382 287.3288 072.5701 15.42306773 48744
1 39384U 13064E   14278.13866965  .00083579  00000-0  18583-2 0  9996
2 39384 040.4995 165.8307 0016303 292.7098 067.2013 15.42484115 48916
1 39384U 13064E   14279.04503745  .00082708  00000-0  18302-2 0  9993
2 39384 040.4990 160.3835 0016447 298.3672 061.5378 15.42627419 49059
1 39384U 13064E   14280.08078546  .00081354  00000-0  17907-2 0  9991
2 39384 040.4991 154.1562 0016665 306.2459 053.6503 15.42787455 49219
1 39384U 13064E   14281.05170645  .00079485  00000-0  17419-2 0  9992
2 39384 040.4994 148.3195 0016388 310.7609 049.1393 15.42931319 49361
1 39384U 13064E   14282.02255785  .00061500  00000-0  13457-2 0  9996
2 39384 040.4949 142.4877 0016389 314.8041 045.1442 15.43071521 49507
1 39384U 13064E   14282.54029899  .00062856  00000-0  13707-2 0  9991
2 39384 040.4948 139.3731 0016300 318.1359 041.8210 15.43166208 49583
1 39384U 13064E   14283.76982049  .00054888  00000-0  11918-2 0  9999
2 39384 040.4946 131.9746 0016099 326.5003 033.4795 15.43343936 49770
1 39384U 13064E   14284.74039877  .00052550  00000-0  11366-2 0  9991
2 39384 040.4945 126.1349 0015971 333.3160 026.6834 15.43476101 49928
1 39384U 13064E   14284.99920532  .00054855  00000-0  11842-2 0  9994
2 39384 040.4945 124.5775 0015964 335.2612 024.7438 15.43518096 49961
1 39384U 13064E   14286.74600767  .00047589  00000-0  10221-2 0  9990
2 39384 040.4948 114.0622 0015679 347.3705 012.6717 15.43721633 50230
1 39384U 13064E   14287.71635257  .00045994  00000-0  98428-3 0  9994
2 39384 040.4951 108.2195 0015545 354.1200 005.9433 15.43842162 50389
1 39384U 13064E   14287.91041366  .00053612  00000-0  11435-2 0  9996
2 39384 040.4952 107.0509 0015520 355.4005 004.6667 15.43889009 50416
1 39384U 13064E   14288.75129068  .00046317  00000-0  98560-3 0  9994
2 39384 040.4951 101.9864 0015366 001.4725 358.6135 15.44009574 50545
1 39384U 13064E   14290.43285069  .00041976  00000-0  88739-3 0  9999
2 39384 040.4950 091.8552 0015087 013.7399 346.3826 15.44239622 50807
1 39384U 13064E   14291.46753091  .00045408  00000-0  95457-3 0  9997
2 39384 040.4948 085.6204 0014972 021.4282 338.7159 15.44380273 50968
1 39384U 13064E   14292.76072916  .00088983  00000-0  18429-2 0  9999
2 39384 040.4950 077.8263 0015048 030.6030 329.5662 15.44574360 51169
1 39384U 13064E   14294.37695870  .00094460  00000-0  19345-2 0  9993
2 39384 040.4952 068.0799 0014898 042.9756 317.2223 15.44880208 51416
1 39384U 13064E   14294.76480677  .00115561  00000-0  23529-2 0  9998
2 39384 040.4955 065.7411 0014962 045.1432 315.0598 15.44956741 51475
1 39384U 13064E   14295.41117655  .00104501  00000-0  21225-2 0  9997
2 39384 040.4956 061.8419 0014951 050.0720 310.1408 15.45076364 51576
1 39384U 13064E   14296.44525861  .00094327  00000-0  19054-2 0  9994
2 39384 040.4958 055.6027 0014997 057.6665 302.5602 15.45280885 51739
1 39384U 13064E   14296.57451774  .00097990  00000-0  19908-2 0  9996
2 39384 040.4958 054.8211 0014595 059.7505 300.5275 15.45314424 51758
1 39384U 13064E   14296.63914213  .00098336  00000-0  19969-2 0  9997
2 39384 040.4957 054.4313 0014613 060.1949 300.0838 15.45327664 51766
1 39384U 13064E   14296.76838173  .00106096  00000-0  21338-2 0  9997
2 39384 040.4960 053.6527 0015000 059.9807 300.2497 15.45355842 51782
1 39384U 13064E   14297.41458585  .00092921  00000-0  18651-2 0  9990
2 39384 040.4960 049.7522 0014973 065.1147 295.1225 15.45472768 51886
1 39384U 13064E   14297.73766908  .00112444  00000-0  22451-2 0  9992
2 39384 040.4961 047.8019 0014986 067.3864 292.8537 15.45540126 51931
1 39384U 13064E   14298.77143374  .00112581  00000-0  22301-2 0  9999
2 39384 040.4961 041.5600 0015013 074.8873 285.3604 15.45769525 52099
1 39384U 13064E   14300.51556736  .00115932  00000-0  22651-2 0  9996
2 39384 040.4959 031.0237 0015125 088.0207 272.2342 15.46152915 52362
1 39384U 13064E   14301.67807133  .00123098  00000-0  23783-2 0  9993
2 39384 040.4958 023.9975 0015206 096.8309 263.4239 15.46446057 52540
1 39384U 13064E   14302.13009544  .00110527  00000-0  21330-2 0  9994
2 39384 040.4958 021.2647 0015219 100.3113 259.9421 15.46531449 52616
1 39384U 13064E   14302.71123780  .00122821  00000-0  23793-2 0  9992
2 39384 040.4958 017.7513 0014842 105.2611 255.0367 15.46687306 52706
1 39384U 13064E   14303.16319124  .00106395  00000-0  20388-2 0  9996
2 39384 040.4959 015.0172 0015312 108.0829 252.1657 15.46751830 52775
1 39384U 13064E   14303.55056733  .00079828  00000-0  15312-2 0  9994
2 39384 040.4960 012.6743 0015337 111.1563 249.0895 15.46843261 52837
1 39384U 13064E   14304.45436803  .00098878  00000-0  18799-2 0  9992
2 39384 040.4960 007.2065 0015466 117.8546 242.3840 15.47008715 52970
1 39384U 13064E   14305.55170795  .00087843  00000-0  16604-2 0  9992
2 39384 040.4959 000.5662 0015634 126.1854 234.0412 15.47223057 53140
1 39384U 13064E   14306.58436480  .00067201  00000-0  12664-2 0  9990
2 39384 040.4957 354.3151 0015794 133.8585 226.3540 15.47408062 53309
1 39384U 13064E   14307.42331048  .00081846  00000-0  15316-2 0  9996
2 39384 040.4956 349.2356 0016006 140.0580 220.1418 15.47532541 53430
1 39384U 13064E   14308.45575849  .00084686  00000-0  15742-2 0  9997
2 39384 040.4954 342.9830 0016225 147.5690 212.6128 15.47706895 53598
1 39384U 13064E   14309.16549104  .00096976  00000-0  17886-2 0  9997
2 39384 040.4953 338.6835 0016340 152.6107 207.5576 15.47873432 53707
1 39384U 13064E   14310.45573179  .00089410  00000-0  16361-2 0  9992
2 39384 040.4951 330.8646 0016641 161.7956 198.3461 15.48127123 53908
1 39384U 13064E   14311.16527408  .00094911  00000-0  17259-2 0  9994
2 39384 040.4951 326.5635 0016850 166.6628 193.4639 15.48277645 54011
1 39384U 13064E   14312.06822827  .00100020  00000-0  18048-2 0  9993
2 39384 040.4951 321.0889 0017103 172.8435 187.2630 15.48470860 54150
1 39384U 13064E   14312.45517346  .00094567  00000-0  17034-2 0  9995
2 39384 040.4952 318.7425 0017145 175.5215 184.5759 15.48543954 54216
1 39384U 13064E   14313.42245030  .00100953  00000-0  18033-2 0  9998
2 39384 040.4952 312.8754 0017365 182.0784 177.9964 15.48749619 54360
1 39384U 13064E   14315.03428122  .00132294  00000-0  23198-2 0  9993
2 39384 040.4950 303.0945 0017775 192.9241 167.1123 15.49138191 54619
1 39384U 13064E   14315.35659574  .00109983  00000-0  19300-2 0  9994
2 39384 040.4950 301.1382 0017769 195.1681 164.8606 15.49207748 54669
1 39384U 13064E   14317.16127647  .00110218  00000-0  19050-2 0  9991
2 39384 040.4947 290.1788 0018212 206.7069 153.2813 15.49626707 54948
1 39384U 13064E   14318.32117444  .00095657  00000-0  16397-2 0  9994
2 39384 040.4946 283.1317 0018408 214.2349 145.7284 15.49917861 55122
1 39384U 13064E   14320.18943578  .00162704  00000-0  27148-2 0  9990
2 39384 040.4943 271.7739 0018820 225.7248 134.2027 15.50400500 55412
1 39384U 13064E   14321.09112433  .00164414  00000-0  27161-2 0  9994
2 39384 040.4943 266.2888 0018941 231.3502 128.5622 15.50671237 55555
1 39384U 13064E   14321.73509256  .00170695  00000-0  28021-2 0  9992
2 39384 040.4943 262.3701 0019068 235.3575 124.5447 15.50822014 55654
1 39384U 13064E   14322.25021829  .00152139  00000-0  24895-2 0  9993
2 39384 040.4943 259.2350 0019091 238.5806 121.3146 15.50980751 55730
1 39384U 13064E   14323.21594789  .00146273  00000-0  23719-2 0  9996
2 39384 040.4944 253.3556 0019148 244.6355 115.2481 15.51255019 55887
1 39384U 13064E   14323.92404227  .00150953  00000-0  24306-2 0  9994
2 39384 040.4944 249.0431 0019190 248.9265 110.9502 15.51432804 55992
1 39384U 13064E   14324.18151124  .00148181  00000-0  23789-2 0  9992
2 39384 040.4944 247.4745 0019184 250.4787 109.3961 15.51525997 56035
1 39384U 13064E   14325.21125698  .00149308  00000-0  23705-2 0  9994
2 39384 040.4940 241.2004 0019210 256.9729 102.8945 15.51830078 56194
1 39384U 13064E   14326.17646292  .00141757  00000-0  22303-2 0  9991
2 39384 040.4937 235.3167 0019243 262.9592 096.9039 15.52109553 56347
1 39384U 13064E   14327.78476202  .00132465  00000-0  20526-2 0  9992
2 39384 040.4931 225.5072 0019179 273.2402 086.6223 15.52567761 56597
1 39384U 13064E   14328.10636554  .00134818  00000-0  20807-2 0  9993
2 39384 040.4930 223.5447 0019156 275.2243 084.6391 15.52669837 56647
1 39384U 13064E   14329.71409358  .00106132  00000-0  16179-2 0  9996
2 39384 040.4925 213.7296 0018991 285.7065 074.1660 15.53125815 56892
1 39384U 13064E   14330.03558170  .00127919  00000-0  19384-2 0  9997
2 39384 040.4925 211.7663 0019003 287.7090 072.1655 15.53203946 56943
1 39384U 13064E   14331.06422454  .00143519  00000-0  21486-2 0  9996
2 39384 040.4924 205.4826 0018927 294.3015 065.5829 15.53479015 57108
1 39384U 13064E   14331.70702920  .00146197  00000-0  21724-2 0  9996
2 39384 040.4923 201.5542 0018845 298.5220 061.3703 15.53675514 57200
1 39384U 13064E   14332.86387785  .00153978  00000-0  22570-2 0  9997
2 39384 040.4925 194.4821 0018706 306.0686 053.8401 15.54023128 57388
1 39384U 13064E   14334.02046448  .00149922  00000-0  21704-2 0  9997
2 39384 040.4927 187.4078 0018619 313.5546 046.3727 15.54379100 57569
1 39384U 13064E   14335.04831936  .00167325  00000-0  23891-2 0  9990
2 39384 040.4920 181.1176 0018506 320.2909 039.6556 15.54694093 57729
1 39384U 13064E   14335.62639201  .00167747  00000-0  23810-2 0  9994
2 39384 040.4917 177.5787 0018401 324.1478 035.8106 15.54855363 57818
1 39384U 13064E   14336.58969830  .00156765  00000-0  22009-2 0  9991
2 39384 040.4914 171.6786 0018267 330.9794 029.0010 15.55194686 57965
1 39384U 13064E   14336.91075705  .00172379  00000-0  24059-2 0  9993
2 39384 040.4913 169.7116 0018263 333.2504 026.7373 15.55297965 58017
1 39384U 13064E   14337.55280317  .00161510  00000-0  22412-2 0  9997
2 39384 040.4907 165.7766 0018050 337.8463 022.1576 15.55497725 58117
1 39384U 13064E   14338.90083912  .00158927  00000-0  21725-2 0  9993
2 39384 040.4910 157.5120 0018014 346.9593 013.0760 15.55912633 58326
1 39384U 13064E   14339.54263366  .00167249  00000-0  22659-2 0  9991
2 39384 040.4911 153.5754 0017963 351.5989 008.4529 15.56124533 58426
1 39384U 13064E   14339.86350008  .00161749  00000-0  21855-2 0  9992
2 39384 040.4916 151.6073 0017983 353.7659 006.2936 15.56216057 58470
1 39384U 13064E   14340.69766093  .00162434  00000-0  21754-2 0  9990
2 39384 040.4918 146.4886 0017875 359.8137 000.2675 15.56453694 58603
1 39384U 13064E   14340.89014136  .00168730  00000-0  22517-2 0  9999
2 39384 040.4921 145.3069 0017896 000.7519 359.3327 15.56526046 58634
1 39384U 13064E   14341.91656623  .00173995  00000-0  22920-2 0  9993
2 39384 040.4919 139.0047 0017844 008.2569 351.8543 15.56856215 58796
1 39384U 13064E   14342.62210649  .00156415  00000-0  20489-2 0  9992
2 39384 040.4921 134.6708 0017737 013.6407 346.4890 15.57070449 58902
1 39384U 13064E   14343.77642446  .00020615  00000-0  27451-3 0  9992
2 39384 040.4915 127.5841 0018515 023.2182 336.9472 15.57392876 59087
1 39384U 13064E   14345.31510082  .00169587  00000-0  21539-2 0  9996
2 39384 040.5009 118.1127 0015337 028.8805 331.2862 15.57892414 59328
1 39384U 13064E   14345.76381284  .00140775  00000-0  17836-2 0  9998
2 39384 040.4931 115.3584 0017743 036.7250 323.4784 15.58012153 59390
1 39384U 13064E   14346.59701414  .00148600  00000-0  18629-2 0  9997
2 39384 040.4930 110.2317 0017693 043.0378 317.1824 15.58265384 59529
1 39384U 13064E   14346.78927134  .00162490  00000-0  20266-2 0  9990
2 39384 040.4928 109.0482 0017712 044.2787 315.9449 15.58351612 59556
1 39384U 13064E   14347.43005940  .00167365  00000-0  20676-2 0  9996
2 39384 040.4926 105.1033 0017725 049.2380 310.9978 15.58585755 59651
1 39384U 13064E   14348.39106336  .00172790  00000-0  21054-2 0  9992
2 39384 040.4926 099.1848 0017700 056.1544 304.0960 15.58930373 59801
1 39384U 13064E   14348.71134832  .00193987  00000-0  23450-2 0  9993
2 39384 040.4927 097.2117 0017720 058.4001 301.8548 15.59065937 59853
1 39384U 13064E   14349.73608069  .00215216  00000-0  25527-2 0  9991
2 39384 040.4927 090.8959 0017809 065.8064 294.4617 15.59490501 60018
1 39384U 13064E   14350.44041738  .00203664  00000-0  23936-2 0  9991
2 39384 040.4928 086.5524 0017822 071.3271 288.9485 15.59769002 60124
1 39384U 13064E   14350.69650786  .00244661  00000-0  28498-2 0  9997
2 39384 040.4927 084.9727 0017889 072.9931 287.2850 15.59865335 60161
1 39384U 13064E   14351.46467287  .00209130  00000-0  24168-2 0  9997
2 39384 040.4929 080.2328 0017892 078.9434 281.3400 15.60188280 60285
1 39384U 13064E   14351.65669107  .00209616  00000-0  24134-2 0  9995
2 39384 040.4930 079.0478 0017899 080.0983 280.1859 15.60283524 60315
1 39384U 13064E   14353.25643949  .00237889  00000-0  26590-2 0  9990
2 39384 040.4929 069.1684 0018096 092.0591 268.2305 15.60954495 60562
1 39384U 13064E   14353.57630529  .00220221  00000-0  24533-2 0  9992
2 39384 040.4930 067.1920 0018049 094.3509 265.9376 15.61099642 60610
1 39384U 13064E   14354.53572234  .00262640  00000-0  28644-2 0  9995
2 39384 040.4928 061.2608 0018206 101.3887 258.8982 15.61506350 60767
1 39384U 13064E   14355.17518283  .00268326  00000-0  28902-2 0  9994
2 39384 040.4925 057.3050 0018308 106.1454 254.1386 15.61806167 60864
1 39384U 13064E   14356.19805772  .00296883  00000-0  31171-2 0  9990
2 39384 040.4923 050.9740 0018452 113.5487 246.7277 15.62367494 61026
1 39384U 13064E   14356.45371750  .00286329  00000-0  29941-2 0  9999
2 39384 040.4923 049.3909 0018425 115.5306 244.7425 15.62505340 61068
1 39384U 13064E   14357.34835288  .00251324  00000-0  25965-2 0  9998
2 39384 040.4922 043.8481 0018567 122.3695 237.8928 15.62920821 61207
1 39384U 13064E   14358.17887812  .00273121  00000-0  27680-2 0  9995
2 39384 040.4920 038.6994 0018639 128.3871 231.8630 15.63338587 61339
1 39384U 13064E   14358.49825106  .00248853  00000-0  25152-2 0  9994
2 39384 040.4920 036.7187 0018638 130.8722 229.3720 15.63483743 61386
1 39384U 13064E   14359.20076653  .00240218  00000-0  23996-2 0  9990
2 39384 040.4921 032.3600 0018810 136.1776 224.0543 15.63803686 61498
1 39384U 13064E   14359.52004535  .00231417  00000-0  23013-2 0  9996
2 39384 040.4920 030.3785 0018868 138.4035 221.8228 15.63943687 61542
1 39384U 13064E   14360.47771245  .00249565  00000-0  24316-2 0  9991
2 39384 040.4921 024.4326 0019063 145.5285 214.6779 15.64396405 61690
1 39384U 13064E   14361.11600647  .00228951  00000-0  22124-2 0  9991
2 39384 040.4921 020.4672 0019176 150.2173 209.9746 15.64665219 61798
1 39384U 13064E   14361.49892875  .00206200  00000-0  19846-2 0  9998
2 39384 040.4921 018.0879 0019244 153.0004 207.1824 15.64835144 61850
1 39384U 13064E   14362.20085297  .00205387  00000-0  19564-2 0  9992
2 39384 040.4920 013.7246 0019481 158.1951 201.9705 15.65090800 61964
1 39384U 13064E   14362.45606906  .00198667  00000-0  18866-2 0  9991
2 39384 040.4919 012.1380 0019459 159.9505 200.2087 15.65188876 62005
1 39384U 13064E   14363.22162009  .00219413  00000-0  20524-2 0  9995
2 39384 040.4917 007.3767 0019634 165.5087 194.6303 15.65495591 62126
1 39384U 13064E   14364.17833894  .00234909  00000-0  21539-2 0  9991
2 39384 040.4915 001.4227 0019899 172.3344 187.7788 15.65937009 62276
1 39384U 13064E   14364.43341853  .00211432  00000-0  19349-2 0  9991
2 39384 040.4914 359.8348 0019922 174.2182 185.8875 15.66056497 62312
1 39384U 13064E   14364.87976147  .00198317  00000-0  18062-2 0  9996
2 39384 040.4914 357.0552 0020033 177.4807 182.6121 15.66212877 62385
1 39384U 13064E   15001.28224955  .00207675  00000-0  18494-2 0  9990
2 39384 040.4913 348.3173 0020409 187.0094 173.0448 15.66728121 62603
1 39384U 13064E   15001.85586375  .00139334  00000-0  12544-2 0  9996
2 39384 040.4912 344.7411 0019391 193.8487 166.2315 15.66977943 62690
1 39384U 13064E   15001.98332747  .00206938  00000-0  18246-2 0  9992
2 39384 040.4913 343.9469 0020631 191.8746 168.1595 15.66968915 62713
1 39384U 13064E   15002.30196521  .00201621  00000-0  17706-2 0  9991
2 39384 040.4913 341.9602 0020638 193.9710 166.0546 15.67083449 62760
1 39384U 13064E   15002.36568909  .00191463  00000-0  16828-2 0  9996
2 39384 040.4913 341.5629 0020636 194.4476 165.5760 15.67094233 62774
1 39384U 13064E   15002.81173543  .00191868  00000-0  16756-2 0  9991
2 39384 040.4913 338.7809 0020806 197.5968 162.4138 15.67245171 62843
1 39384U 13064E   15003.32144576  .00230952  00000-0  19868-2 0  9997
2 39384 040.4912 335.6013 0020913 200.8873 159.1099 15.67491507 62921
1 39384U 13064E   15003.38515341  .00220455  00000-0  18978-2 0  9993
2 39384 040.4912 335.2038 0020904 201.4452 158.5499 15.67506671 62931
1 39384U 13064E   15004.27695748  .00208951  00000-0  17761-2 0  9998
2 39384 040.4912 329.6375 0021146 207.2469 152.7248 15.67844067 63071
1 39384U 13064E   15004.34065072  .00233765  00000-0  19790-2 0  9992
2 39384 040.4911 329.2399 0021195 207.6113 152.3588 15.67866592 63087
1 39384U 13064E   15004.85015485  .00246215  00000-0  20588-2 0  9992
2 39384 040.4911 326.0582 0021328 210.9474 149.0095 15.68126500 63165
1 39384U 13064E   15005.23222621  .00244905  00000-0  20311-2 0  9995
2 39384 040.4910 323.6719 0021371 213.5188 146.4285 15.68328443 63227
1 39384U 13064E   15005.29590013  .00256695  00000-0  21229-2 0  9992
2 39384 040.4910 323.2742 0021390 213.9836 145.9620 15.68361369 63236
1 39384U 13064E   15005.86890117  .00206047  00000-0  16990-2 0  9998
2 39384 040.4909 319.6934 0021498 217.9081 142.0231 15.68580222 63328
1 39384U 13064E   15005.93258278  .00222453  00000-0  18680-2 0  9999
2 39384 040.4941 319.2988 0020903 223.1402 136.8277 15.68626916 63338
1 39384U 13064E   15006.12354076  .00230951  00000-0  18873-2 0  9990
2 39384 040.4908 318.1021 0021524 219.4763 140.4494 15.68722797 63364
1 39384U 13064E   15006.76005051  .00252429  00000-0  20796-2 0  9997
2 39384 040.4906 314.1212 0020497 225.7339 134.2282 15.69098784 63467
1 39384U 13064E   15007.14189378  .00248239  00000-0  20300-2 0  9990
2 39384 040.4909 311.7348 0020456 229.2691 130.6835 15.69277231 63525
1 39384U 13064E   15007.26915572  .00208486  00000-0  16626-2 0  9992
2 39384 040.4904 310.9377 0021680 227.1060 132.7945 15.69373230 63543
1 39384U 13064E   15007.90540498  .00260863  00000-0  20420-2 0  9998
2 39384 040.4901 306.9551 0021827 231.1770 128.7107 15.69661441 63645
1 39384U 13064E   15008.28708458  .00271180  00000-0  21001-2 0  9992
2 39384 040.4899 304.5657 0021900 233.7658 126.1143 15.69886473 63700
1 39384U 13064E   15008.85950909  .00302394  00000-0  22993-2 0  9998
2 39384 040.4897 300.9800 0022051 237.2287 122.6414 15.70230645 63790
1 39384U 13064E   15009.17747302  .00325313  00000-0  24469-2 0  9991
2 39384 040.4895 298.9876 0022104 239.1427 120.7224 15.70422526 63848
1 39384U 13064E   15009.24106019  .00313751  00000-0  23613-2 0  9996
2 39384 040.4895 298.5891 0022076 239.5941 120.2703 15.70442156 63853
1 39384U 13064E   15009.87687093  .00263878  00000-0  19684-2 0  9998
2 39384 040.4893 294.6027 0022108 243.5135 116.3423 15.70793474 63953
1 39384U 13064E   15010.83033122  .00292669  00000-0  21287-2 0  9996
2 39384 040.4890 288.6220 0022185 249.7901 110.0540 15.71307591 64103
1 39384U 13064E   15012.16462407  .00301827  00000-0  21209-2 0  9997
2 39384 040.4887 280.2441 0022184 258.5197 101.3137 15.72093101 64314
1 39384U 13064E   15013.18078041  .00302875  00000-0  20736-2 0  9995
2 39384 040.4884 273.8571 0022174 265.2144 094.6150 15.72698645 64479
1 39384U 13064E   15014.13306893  .00318508  00000-0  21243-2 0  9994
2 39384 040.4881 267.8664 0022127 271.3698 088.4594 15.73265621 64627
1 39384U 13064E   15014.83118942  .00317788  00000-0  20823-2 0  9999
2 39384 040.4878 263.4711 0022077 275.6053 084.2256 15.73678773 64731
1 39384U 13064E   15015.14845499  .00324461  00000-0  21061-2 0  9999
2 39384 040.4877 261.4730 0022094 277.7331 082.0987 15.73877540 64785
1 39384U 13064E   15015.84630621  .00317404  00000-0  20246-2 0  9998
2 39384 040.4874 257.0758 0022009 282.2347 077.6016 15.74301188 64893
1 39384U 13064E   15016.10002474  .00302191  00000-0  19196-2 0  9996
2 39384 040.4873 255.4763 0021999 284.0366 075.8016 15.74437315 64935
1 39384U 13064E   15017.11465904  .00332062  00000-0  20474-2 0  9990
2 39384 040.4867 249.0762 0021962 290.4758 069.3712 15.75040190 65093
1 39384U 13064E   15017.81199859  .00266226  00000-0  16257-2 0  9992
2 39384 040.4863 244.6746 0021869 295.1137 064.7421 15.75438224 65209
1 39384U 13064E   15018.06553448  .00285455  00000-0  17291-2 0  9992
2 39384 040.4861 243.0737 0021880 297.0325 062.8269 15.75569850 65246
1 39384U 13064E   15018.50916758  .00300099  00000-0  17984-2 0  9999
2 39384 040.4858 240.2715 0021874 300.1468 059.7192 15.75774270 65316
1 39384U 13064E   15019.01610191  .00260897  00000-0  15505-2 0  9996
2 39384 040.4859 237.0675 0021802 303.1250 056.7486 15.76068868 65390
1 39384U 13064E   15020.02970372  .00247282  00000-0  14360-2 0  9990
2 39384 040.4855 230.6583 0021754 310.3260 049.5667 15.76626875 65557
1 39384U 13064E   15020.97963214  .00262076  00000-0  14842-2 0  9994
2 39384 040.4855 224.6468 0021728 316.8106 043.1018 15.77150308 65704
1 39384U 13064E   15021.54944085  .00290468  00000-0  16183-2 0  9999
2 39384 040.4856 221.0382 0021712 320.7428 039.1825 15.77441501 65793
1 39384U 13064E   15021.86595207  .00294928  00000-0  16263-2 0  9996
2 39384 040.4857 219.0335 0021638 323.1366 036.7974 15.77661577 65845
1 39384U 13064E   15021.92924977  .00345318  00000-0  18890-2 0  9991
2 39384 040.4857 218.6326 0021664 323.6589 036.2767 15.77708904 65853
1 39384U 13064E   15022.56215772  .00277155  00000-0  15497-2 0  9991
2 39384 040.4845 214.6226 0019868 329.4871 030.5284 15.78046247 65954
1 39384U 13064E   15022.62539786  .00330275  00000-0  17739-2 0  9996
2 39384 040.4855 214.2206 0021515 328.5744 031.3798 15.78158394 65967
1 39384U 13064E   15022.62541426  .00286732  00000-0  15971-2 0  9994
2 39384 040.4858 214.2241 0020134 329.9033 030.1122 15.78123306 65964
1 39384U 13064E   15023.95385928  .00284947  00000-0  14806-2 0  9996
2 39384 040.4851 205.7929 0021489 338.0045 021.9860 15.79003989 66179
1 39384U 13064E   15024.52298799  .00311015  00000-0  15877-2 0  9995
2 39384 040.4850 202.1792 0021417 341.9380 018.0686 15.79327838 66268
1 39384U 13064E   15025.59766473  .00354826  00000-0  17493-2 0  9995
2 39384 040.4852 195.3501 0021309 349.1825 010.8543 15.79981647 66430
1 39384U 13064E   15025.91366126  .00327298  00000-0  15984-2 0  9998
2 39384 040.4847 193.3415 0021503 352.0116 008.0369 15.80249025 66487
1 39384U 13064E   15026.67185664  .00366790  00000-0  17326-2 0  9990
2 39384 040.4846 188.5177 0021436 357.3281 002.7431 15.80873236 66605
1 39384U 13064E   15026.86135438  .00417038  00000-0  19460-2 0  9998
2 39384 040.4846 187.3115 0021541 358.5463 001.5301 15.81010997 66630
1 39384U 13064E   15027.68230013  .00647733  00000-0  30597-2 0  9995
2 39384 040.4845 182.0830 0018900 005.3523 354.7977 15.81732712 66766
1 39384U 13064E   15027.74542459  .00461475  00000-0  20647-2 0  9994
2 39384 040.4843 181.6798 0021534 004.6140 355.4885 15.81805293 66778
1 39384U 13064E   15028.50283538  .00493989  00000-0  21303-2 0  9994
2 39384 040.4837 176.8483 0021469 009.9227 350.2023 15.82513149 66896
1 39384U 13064E   15029.44909291  .00583401  00000-0  23837-2 0  9992
2 39384 040.4840 170.8058 0021489 016.3076 343.8441 15.83442105 67042
1 39384U 13064E   15030.52078182  .00675449  00000-0  25689-2 0  9990
2 39384 040.4840 163.9522 0021623 023.6764 336.5057 15.84723011 67216
1 39384U 13064E   15031.71747809  .00801028  00000-0  27903-2 0  9996
2 39384 040.4846 156.2829 0021582 031.8618 328.3514 15.86250922 67406
1 39384U 13064E   15031.78043211  .00733740  00000-0  25561-2 0  9992
2 39384 040.4846 155.8797 0021628 032.0981 328.1163 15.86397466 67416
1 39384U 13064E   15032.66136744  .00830732  27426-3  29570-2 0  9991
2 39384 040.4871 150.2165 0019983 039.5390 320.7416 15.87708495 67552
1 39384U 13064E   15032.72425328  .00781032  24095-3  27654-2 0  9995
2 39384 040.4847 149.8162 0021233 038.5303 321.7040 15.87763684 67566
1 39384U 13064E   15033.66717588  .00910411  34106-3  29641-2 0  9998
2 39384 040.4845 143.7458 0020884 044.9570 315.2949 15.89452502 67712
1 39384U 13064E   15033.73000033  .00890199  32536-3  28864-2 0  9997
2 39384 040.4842 143.3399 0020572 045.9006 314.3515 15.89541243 67729
1 39384U 13064E   15034.54631811  .00905483  34428-3  27186-2 0  9992
2 39384 040.4838 138.0707 0020316 051.9122 308.3540 15.91045927 67856
1 39384U 13064E   15034.73459020  .00874874  32123-3  25780-2 0  9990
2 39384 040.4838 136.8546 0020336 052.7157 307.5527 15.91399536 67889
1 39384U 13064E   15035.67530219  .01050308  49073-3  28215-2 0  9991
2 39384 040.4827 130.7636 0020012 059.4628 300.8178 15.93201275 68038
1 39384U 13064E   15036.67746869  .01146009  61662-3  27492-2 0  9990
2 39384 040.4850 124.2565 0017374 068.6736 291.6232 15.95420938 68198
1 39384U 13064E   15036.67746989  .01253718  75693-3  30022-2 0  9991
2 39384 040.4817 124.2548 0019560 066.5176 293.7712 15.95410146 68192
1 39384U 13064E   15037.67815345  .01343531  92722-3  28156-2 0  9995
2 39384 040.4851 117.7366 0016598 076.7609 283.5410 15.97959613 68356
1 39384U 13064E   15038.24031949  .01409196  10653-2  27104-2 0  9993
2 39384 040.4802 114.0601 0018686 076.5085 283.7832 15.99428576 68441
1 39384U 13064E   15038.86426231  .01687503  17281-2  29234-2 0  9993
2 39384 040.4830 109.9774 0016396 083.0019 277.2638 16.01476678 68545
1 39384U 13064E   15038.92661272  .01705610  17838-2  29205-2 0  9992
2 39384 040.4830 109.5678 0016289 082.9544 277.3107 16.01692115 68555
1 39384U 13064E   15038.92661659  .01678117  17114-2  28594-2 0  9999
2 39384 040.4792 109.5594 0017940 081.7516 278.5355 16.01697663 68551
1 39384U 13064E   15039.86078808  .02109143  34685-2  29669-2 0  9996
2 39384 040.4818 103.4175 0015252 089.6409 270.8186 16.05407328 68705
1 39384U 13064E   15039.92292373  .02765228  85315-2  41996-2 0  9993
2 39384 040.4738 102.9084 0023934 086.8571 273.5005 16.04995688 68715
1 39384U 13064E   15039.92294873  .02162385  37667-2  30045-2 0  9995
2 39384 040.4816 103.0117 0013932 089.7691 270.5223 16.05723674 68717
1 39384U 13064E   15040.23380781  .02309361  48261-2  29727-2 0  9999
2 39384 040.4814 100.9556 0014646 087.8207 272.7364 16.07184978 68768
1 39384U 13064E   15040.54426002  .02402919  58166-2  28431-2 0  9999
2 39384 040.4808 098.8949 0014778 094.4396 265.7898 16.08747638 68810
1 39384U 13064E   15040.54426404  .02600412  78974-2  31506-2 0  9999
2 39384 040.4803 098.8978 0011988 087.4082 272.8783 16.08968157 68814
1 39384U 13064E   15041.47337583  .03169836  20130-1  28990-2 0  9995
2 39384 040.4787 092.7082 0013168 100.3417 258.0125 16.14836979 68968
1 39384U 13064E   15041.53552508  .03638602  24511-1  31119-2 0  9994
2 39384 040.4790 092.3027 0007889 108.6869 251.5619 16.15532572 68972
1 39384U 13064E   15041.53553040  .03174133  22563-1  28939-2 0  9991
2 39384 040.4784 092.2910 0012770 101.0592 259.1990 16.15344384 68978
1 39384U 13064E   15041.53553042  .03771143  39606-1  37310-2 0  9996
2 39384 040.4732 092.2545 0020005 099.2014 261.1092 16.14947292 68974
1 39384U 13064E   15042.46006932  .07973040  70345-5  23108-2 0  9993
2 39384 040.4748 086.0653 0009063 113.8216 246.3662 16.26251394 69120
1 39384U 13064E   15042.52144287  .08174091  70675-5  21603-2 0  9990
2 39384 040.4720 085.6365 0007435 108.3282 251.8250 16.27327765 69130
1 39384U 13064E   15042.52145921  .08154440  00000-0  21601-2 0  9990
2 39384 040.4703 085.7517 0005596 297.5513 062.5484 16.27308660 69246
1 39384U 13064E   15042.52146122  .08094018  00000-0  21500-2 0  9996
2 39384 040.4712 085.7529 0005450 293.5781 066.5269 16.27280585 69241
